# # chi(t) for Pe = 300, beta = 0.1, bridge_width = 1.0
# # Columns: time, chi, I_T (signed), I_|T| (unsigned)
0.000000e+00 1.000000e+00 7.671023e-02 7.671023e-02
1.000000e-01 9.999403e-01 7.978234e-02 7.978711e-02
2.000000e-01 1.000000e+00 8.005301e-02 8.005301e-02
3.000000e-01 1.000000e+00 8.004850e-02 8.004850e-02
4.000000e-01 1.000000e+00 8.005453e-02 8.005453e-02
5.000000e-01 1.000000e+00 8.005979e-02 8.005979e-02
6.000000e-01 1.000000e+00 8.006980e-02 8.006980e-02
7.000000e-01 9.999998e-01 8.007956e-02 8.007957e-02
8.000000e-01 9.999974e-01 8.008927e-02 8.008948e-02
9.000000e-01 9.999910e-01 8.009905e-02 8.009977e-02
1.000000e+00 9.999814e-01 8.010890e-02 8.011039e-02
1.100000e+00 9.999707e-01 8.011879e-02 8.012114e-02
1.200000e+00 9.999611e-01 8.012867e-02 8.013179e-02
1.300000e+00 9.999538e-01 8.013854e-02 8.014224e-02
1.400000e+00 9.999493e-01 8.014837e-02 8.015243e-02
1.500000e+00 9.999477e-01 8.015817e-02 8.016236e-02
1.600000e+00 9.999487e-01 8.016792e-02 8.017203e-02
1.700000e+00 9.999522e-01 8.017763e-02 8.018146e-02
1.800000e+00 9.999578e-01 8.018725e-02 8.019064e-02
1.900000e+00 9.999649e-01 8.019675e-02 8.019957e-02
2.000000e+00 9.999729e-01 8.020608e-02 8.020825e-02
2.100000e+00 9.999811e-01 8.021519e-02 8.021670e-02
2.200000e+00 9.999888e-01 8.022401e-02 8.022491e-02
2.300000e+00 9.999950e-01 8.023249e-02 8.023289e-02
2.400000e+00 9.999990e-01 8.024056e-02 8.024064e-02
2.500000e+00 1.000000e+00 8.024817e-02 8.024817e-02
2.600000e+00 1.000000e+00 8.025524e-02 8.025524e-02
2.700000e+00 1.000000e+00 8.026172e-02 8.026172e-02
2.800000e+00 1.000000e+00 8.026755e-02 8.026755e-02
2.900000e+00 1.000000e+00 8.027269e-02 8.027269e-02
3.000000e+00 1.000000e+00 8.027709e-02 8.027709e-02
3.100000e+00 1.000000e+00 8.028071e-02 8.028071e-02
3.200000e+00 1.000000e+00 8.028349e-02 8.028349e-02
3.300000e+00 1.000000e+00 8.028542e-02 8.028542e-02
3.400000e+00 1.000000e+00 8.028646e-02 8.028646e-02
3.500000e+00 1.000000e+00 8.028658e-02 8.028658e-02
3.600000e+00 1.000000e+00 8.028575e-02 8.028575e-02
3.700000e+00 1.000000e+00 8.028396e-02 8.028396e-02
3.800000e+00 1.000000e+00 8.028120e-02 8.028120e-02
3.900000e+00 1.000000e+00 8.027744e-02 8.027744e-02
4.000000e+00 1.000000e+00 8.027268e-02 8.027268e-02
4.100000e+00 1.000000e+00 8.026691e-02 8.026691e-02
4.200000e+00 1.000000e+00 8.026013e-02 8.026013e-02
4.300000e+00 1.000000e+00 8.025232e-02 8.025232e-02
4.400000e+00 1.000000e+00 8.024350e-02 8.024350e-02
4.500000e+00 1.000000e+00 8.023366e-02 8.023366e-02
4.600000e+00 1.000000e+00 8.022279e-02 8.022279e-02
4.700000e+00 1.000000e+00 8.021092e-02 8.021092e-02
4.800000e+00 1.000000e+00 8.019803e-02 8.019803e-02
4.900000e+00 1.000000e+00 8.018414e-02 8.018414e-02
5.000000e+00 1.000000e+00 8.016926e-02 8.016926e-02
5.100000e+00 1.000000e+00 8.015339e-02 8.015339e-02
5.200000e+00 1.000000e+00 8.013655e-02 8.013655e-02
5.300000e+00 1.000000e+00 8.011873e-02 8.011873e-02
5.400000e+00 1.000000e+00 8.009996e-02 8.009996e-02
5.500000e+00 1.000000e+00 8.008024e-02 8.008024e-02
5.600000e+00 1.000000e+00 8.005959e-02 8.005959e-02
5.700000e+00 1.000000e+00 8.003801e-02 8.003801e-02
5.800000e+00 1.000000e+00 8.001553e-02 8.001553e-02
5.900000e+00 1.000000e+00 7.999214e-02 7.999214e-02
6.000000e+00 1.000000e+00 7.996787e-02 7.996787e-02
6.100000e+00 1.000000e+00 7.994273e-02 7.994273e-02
6.200000e+00 1.000000e+00 7.991674e-02 7.991674e-02
6.300000e+00 1.000000e+00 7.988990e-02 7.988990e-02
6.400000e+00 1.000000e+00 7.986223e-02 7.986223e-02
6.500000e+00 1.000000e+00 7.983375e-02 7.983375e-02
6.600000e+00 1.000000e+00 7.980446e-02 7.980446e-02
6.700000e+00 1.000000e+00 7.977439e-02 7.977439e-02
6.800000e+00 1.000000e+00 7.974355e-02 7.974355e-02
6.900000e+00 1.000000e+00 7.971195e-02 7.971195e-02
7.000000e+00 1.000000e+00 7.967961e-02 7.967961e-02
7.100000e+00 1.000000e+00 7.964653e-02 7.964653e-02
7.200000e+00 1.000000e+00 7.961274e-02 7.961274e-02
7.300000e+00 1.000000e+00 7.957824e-02 7.957824e-02
7.400000e+00 1.000000e+00 7.954306e-02 7.954306e-02
7.500000e+00 1.000000e+00 7.950720e-02 7.950720e-02
7.600000e+00 1.000000e+00 7.947068e-02 7.947068e-02
7.700000e+00 1.000000e+00 7.943351e-02 7.943351e-02
7.800000e+00 1.000000e+00 7.939571e-02 7.939571e-02
7.900000e+00 1.000000e+00 7.935729e-02 7.935729e-02
8.000000e+00 1.000000e+00 7.931826e-02 7.931826e-02
8.100000e+00 1.000000e+00 7.927864e-02 7.927864e-02
8.200000e+00 1.000000e+00 7.923843e-02 7.923843e-02
8.300000e+00 1.000000e+00 7.919766e-02 7.919766e-02
8.400000e+00 1.000000e+00 7.915633e-02 7.915633e-02
8.500000e+00 1.000000e+00 7.911446e-02 7.911446e-02
8.600000e+00 1.000000e+00 7.907205e-02 7.907205e-02
8.700000e+00 1.000000e+00 7.902913e-02 7.902913e-02
8.800000e+00 1.000000e+00 7.898570e-02 7.898570e-02
8.900000e+00 1.000000e+00 7.894177e-02 7.894177e-02
9.000000e+00 1.000000e+00 7.889737e-02 7.889737e-02
9.100000e+00 1.000000e+00 7.885249e-02 7.885249e-02
9.200000e+00 1.000000e+00 7.880716e-02 7.880716e-02
9.300000e+00 1.000000e+00 7.876137e-02 7.876137e-02
9.400000e+00 1.000000e+00 7.871516e-02 7.871516e-02
9.500000e+00 1.000000e+00 7.866851e-02 7.866851e-02
9.600000e+00 1.000000e+00 7.862145e-02 7.862145e-02
9.700000e+00 1.000000e+00 7.857399e-02 7.857399e-02
9.800000e+00 1.000000e+00 7.852614e-02 7.852614e-02
9.900000e+00 1.000000e+00 7.847790e-02 7.847790e-02
1.000000e+01 1.000000e+00 7.842929e-02 7.842929e-02
1.010000e+01 1.000000e+00 7.838031e-02 7.838031e-02
1.020000e+01 1.000000e+00 7.833099e-02 7.833099e-02
1.030000e+01 1.000000e+00 7.828132e-02 7.828132e-02
1.040000e+01 1.000000e+00 7.823132e-02 7.823132e-02
1.050000e+01 1.000000e+00 7.818099e-02 7.818099e-02
1.060000e+01 1.000000e+00 7.813035e-02 7.813035e-02
1.070000e+01 1.000000e+00 7.807941e-02 7.807941e-02
1.080000e+01 1.000000e+00 7.802817e-02 7.802817e-02
1.090000e+01 1.000000e+00 7.797664e-02 7.797664e-02
1.100000e+01 1.000000e+00 7.792483e-02 7.792483e-02
1.110000e+01 1.000000e+00 7.787275e-02 7.787275e-02
1.120000e+01 1.000000e+00 7.782041e-02 7.782041e-02
1.130000e+01 1.000000e+00 7.776781e-02 7.776781e-02
1.140000e+01 1.000000e+00 7.771497e-02 7.771497e-02
1.150000e+01 1.000000e+00 7.766189e-02 7.766189e-02
1.160000e+01 1.000000e+00 7.760858e-02 7.760858e-02
1.170000e+01 1.000000e+00 7.755504e-02 7.755504e-02
1.180000e+01 1.000000e+00 7.750129e-02 7.750129e-02
1.190000e+01 1.000000e+00 7.744733e-02 7.744733e-02
1.200000e+01 1.000000e+00 7.739316e-02 7.739316e-02
1.210000e+01 1.000000e+00 7.733881e-02 7.733881e-02
1.220000e+01 1.000000e+00 7.728426e-02 7.728426e-02
1.230000e+01 1.000000e+00 7.722954e-02 7.722954e-02
1.240000e+01 1.000000e+00 7.717464e-02 7.717464e-02
1.250000e+01 1.000000e+00 7.711957e-02 7.711957e-02
1.260000e+01 1.000000e+00 7.706435e-02 7.706435e-02
1.270000e+01 1.000000e+00 7.700897e-02 7.700897e-02
1.280000e+01 1.000000e+00 7.695344e-02 7.695344e-02
1.290000e+01 1.000000e+00 7.689777e-02 7.689777e-02
1.300000e+01 1.000000e+00 7.684196e-02 7.684196e-02
1.310000e+01 1.000000e+00 7.678603e-02 7.678603e-02
1.320000e+01 1.000000e+00 7.672996e-02 7.672996e-02
1.330000e+01 1.000000e+00 7.667378e-02 7.667378e-02
1.340000e+01 1.000000e+00 7.661748e-02 7.661748e-02
1.350000e+01 1.000000e+00 7.656107e-02 7.656107e-02
1.360000e+01 1.000000e+00 7.650456e-02 7.650456e-02
1.370000e+01 1.000000e+00 7.644794e-02 7.644794e-02
1.380000e+01 1.000000e+00 7.639124e-02 7.639124e-02
1.390000e+01 1.000000e+00 7.633444e-02 7.633444e-02
1.400000e+01 1.000000e+00 7.627755e-02 7.627755e-02
1.410000e+01 1.000000e+00 7.622059e-02 7.622059e-02
1.420000e+01 1.000000e+00 7.616354e-02 7.616354e-02
1.430000e+01 1.000000e+00 7.610643e-02 7.610643e-02
1.440000e+01 1.000000e+00 7.604924e-02 7.604924e-02
1.450000e+01 1.000000e+00 7.599199e-02 7.599199e-02
1.460000e+01 1.000000e+00 7.593468e-02 7.593468e-02
1.470000e+01 1.000000e+00 7.587731e-02 7.587731e-02
1.480000e+01 1.000000e+00 7.581990e-02 7.581990e-02
1.490000e+01 1.000000e+00 7.576243e-02 7.576243e-02
1.500000e+01 1.000000e+00 7.570492e-02 7.570492e-02
1.510000e+01 1.000000e+00 7.564736e-02 7.564736e-02
1.520000e+01 1.000000e+00 7.558978e-02 7.558978e-02
1.530000e+01 1.000000e+00 7.553215e-02 7.553215e-02
1.540000e+01 1.000000e+00 7.547450e-02 7.547450e-02
1.550000e+01 1.000000e+00 7.541682e-02 7.541682e-02
1.560000e+01 1.000000e+00 7.535911e-02 7.535911e-02
1.570000e+01 9.999883e-01 7.530139e-02 7.530227e-02
1.580000e+01 9.999492e-01 7.524365e-02 7.524747e-02
1.590000e+01 9.998963e-01 7.518589e-02 7.519369e-02
1.600000e+01 9.998333e-01 7.512812e-02 7.514064e-02
1.610000e+01 9.997616e-01 7.507034e-02 7.508824e-02
1.620000e+01 9.996812e-01 7.501255e-02 7.503647e-02
1.630000e+01 9.995959e-01 7.495477e-02 7.498507e-02
1.640000e+01 9.995050e-01 7.489698e-02 7.493407e-02
1.650000e+01 9.994076e-01 7.483919e-02 7.488355e-02
1.660000e+01 9.993045e-01 7.478140e-02 7.483345e-02
1.670000e+01 9.991989e-01 7.472363e-02 7.478353e-02
1.680000e+01 9.990863e-01 7.466586e-02 7.473414e-02
1.690000e+01 9.989720e-01 7.460810e-02 7.468488e-02
1.700000e+01 9.988557e-01 7.455036e-02 7.463577e-02
1.710000e+01 9.987333e-01 7.449263e-02 7.458712e-02
1.720000e+01 9.986104e-01 7.443492e-02 7.453850e-02
1.730000e+01 9.984838e-01 7.437723e-02 7.449017e-02
1.740000e+01 9.983542e-01 7.431956e-02 7.444208e-02
1.750000e+01 9.982245e-01 7.426192e-02 7.439400e-02
1.760000e+01 9.980881e-01 7.420430e-02 7.434644e-02
1.770000e+01 9.979523e-01 7.414670e-02 7.429884e-02
1.780000e+01 9.978122e-01 7.408914e-02 7.425158e-02
1.790000e+01 9.976716e-01 7.403160e-02 7.420438e-02
1.800000e+01 9.975292e-01 7.397410e-02 7.415733e-02
1.810000e+01 9.973842e-01 7.391663e-02 7.411049e-02
1.820000e+01 9.972396e-01 7.385919e-02 7.406364e-02
1.830000e+01 9.970908e-01 7.380179e-02 7.401713e-02
1.840000e+01 9.969442e-01 7.374443e-02 7.397047e-02
1.850000e+01 9.967920e-01 7.368711e-02 7.392426e-02
1.860000e+01 9.966429e-01 7.362983e-02 7.387785e-02
1.870000e+01 9.964883e-01 7.357259e-02 7.383186e-02
1.880000e+01 9.963366e-01 7.351540e-02 7.378570e-02
1.890000e+01 9.961804e-01 7.345825e-02 7.373990e-02
1.900000e+01 9.960265e-01 7.340115e-02 7.369397e-02
1.910000e+01 9.958688e-01 7.334409e-02 7.364835e-02
1.920000e+01 9.957130e-01 7.328709e-02 7.360263e-02
1.930000e+01 9.955539e-01 7.323014e-02 7.355718e-02
1.940000e+01 9.953965e-01 7.317323e-02 7.351164e-02
1.950000e+01 9.952361e-01 7.311638e-02 7.346636e-02
1.960000e+01 9.950776e-01 7.305958e-02 7.342099e-02
1.970000e+01 9.949160e-01 7.300283e-02 7.337588e-02
1.980000e+01 9.947566e-01 7.294614e-02 7.333065e-02
1.990000e+01 9.945934e-01 7.288951e-02 7.328574e-02
2.000000e+01 9.944323e-01 7.283293e-02 7.324071e-02
2.010000e+01 9.942675e-01 7.277641e-02 7.319600e-02
2.020000e+01 9.941060e-01 7.271994e-02 7.315109e-02
2.030000e+01 9.939402e-01 7.266353e-02 7.310654e-02
2.040000e+01 9.937785e-01 7.260718e-02 7.306174e-02
2.050000e+01 9.936118e-01 7.255090e-02 7.301735e-02
2.060000e+01 9.934494e-01 7.249467e-02 7.297268e-02
2.070000e+01 9.932825e-01 7.243850e-02 7.292839e-02
2.080000e+01 9.931193e-01 7.238239e-02 7.288388e-02
2.090000e+01 9.929528e-01 7.232634e-02 7.283966e-02
2.100000e+01 9.927888e-01 7.227036e-02 7.279530e-02
2.110000e+01 9.926229e-01 7.221444e-02 7.275113e-02
2.120000e+01 9.924582e-01 7.215858e-02 7.270692e-02
2.130000e+01 9.922931e-01 7.210278e-02 7.266279e-02
2.140000e+01 9.921278e-01 7.204705e-02 7.261872e-02
2.150000e+01 9.919636e-01 7.199138e-02 7.257462e-02
2.160000e+01 9.917977e-01 7.193578e-02 7.253070e-02
2.170000e+01 9.916347e-01 7.188024e-02 7.248662e-02
2.180000e+01 9.914683e-01 7.182477e-02 7.244283e-02
2.190000e+01 9.913063e-01 7.176937e-02 7.239878e-02
2.200000e+01 9.911398e-01 7.171403e-02 7.235511e-02
2.210000e+01 9.909773e-01 7.165876e-02 7.231120e-02
2.220000e+01 9.908124e-01 7.160356e-02 7.226752e-02
2.230000e+01 9.906477e-01 7.154842e-02 7.222388e-02
2.240000e+01 9.904825e-01 7.149335e-02 7.218033e-02
2.250000e+01 9.903172e-01 7.143835e-02 7.213684e-02
2.260000e+01 9.901537e-01 7.138342e-02 7.209328e-02
2.270000e+01 9.899880e-01 7.132856e-02 7.204993e-02
2.280000e+01 9.898263e-01 7.127376e-02 7.200633e-02
2.290000e+01 9.896603e-01 7.121904e-02 7.196311e-02
2.300000e+01 9.894984e-01 7.116438e-02 7.191965e-02
2.310000e+01 9.893344e-01 7.110979e-02 7.187640e-02
2.320000e+01 9.891722e-01 7.105527e-02 7.183307e-02
2.330000e+01 9.890104e-01 7.100082e-02 7.178977e-02
2.340000e+01 9.888479e-01 7.094644e-02 7.174656e-02
2.350000e+01 9.886884e-01 7.089213e-02 7.170321e-02
2.360000e+01 9.885258e-01 7.083789e-02 7.166014e-02
2.370000e+01 9.883672e-01 7.078372e-02 7.161683e-02
2.380000e+01 9.882058e-01 7.072962e-02 7.157378e-02
2.390000e+01 9.880470e-01 7.067559e-02 7.153059e-02
2.400000e+01 9.878864e-01 7.062163e-02 7.148760e-02
2.410000e+01 9.877251e-01 7.056774e-02 7.144471e-02
2.420000e+01 9.875665e-01 7.051392e-02 7.140169e-02
2.430000e+01 9.874050e-01 7.046016e-02 7.135893e-02
2.440000e+01 9.872475e-01 7.040648e-02 7.131594e-02
2.450000e+01 9.870874e-01 7.035287e-02 7.127319e-02
2.460000e+01 9.869298e-01 7.029933e-02 7.123033e-02
2.470000e+01 9.867724e-01 7.024585e-02 7.118749e-02
2.480000e+01 9.866147e-01 7.019245e-02 7.114474e-02
2.490000e+01 9.864602e-01 7.013911e-02 7.110182e-02
2.500000e+01 9.863024e-01 7.008585e-02 7.105919e-02
2.510000e+01 9.861484e-01 7.003265e-02 7.101634e-02
2.520000e+01 9.859930e-01 6.997952e-02 7.097365e-02
2.530000e+01 9.858390e-01 6.992646e-02 7.093091e-02
2.540000e+01 9.856866e-01 6.987347e-02 7.088812e-02
2.550000e+01 9.855311e-01 6.982054e-02 7.084560e-02
2.560000e+01 9.853782e-01 6.976769e-02 7.080296e-02
2.570000e+01 9.852225e-01 6.971490e-02 7.076057e-02
2.580000e+01 9.850696e-01 6.966219e-02 7.071803e-02
2.590000e+01 9.849171e-01 6.960954e-02 7.067553e-02
2.600000e+01 9.847641e-01 6.955696e-02 7.063311e-02
2.610000e+01 9.846148e-01 6.950444e-02 7.059050e-02
2.620000e+01 9.844618e-01 6.945200e-02 7.054819e-02
2.630000e+01 9.843125e-01 6.939962e-02 7.050568e-02
2.640000e+01 9.841628e-01 6.934731e-02 7.046326e-02
2.650000e+01 9.840135e-01 6.929507e-02 7.042086e-02
2.660000e+01 9.838671e-01 6.924290e-02 7.037831e-02
2.670000e+01 9.837178e-01 6.919079e-02 7.033601e-02
2.680000e+01 9.835721e-01 6.913875e-02 7.029352e-02
2.690000e+01 9.834243e-01 6.908677e-02 7.025124e-02
2.700000e+01 9.832760e-01 6.903487e-02 7.020904e-02
2.710000e+01 9.831301e-01 6.898302e-02 7.016673e-02
2.720000e+01 9.829818e-01 6.893124e-02 7.012464e-02
2.730000e+01 9.828369e-01 6.887953e-02 7.008236e-02
2.740000e+01 9.826911e-01 6.882788e-02 7.004020e-02
2.750000e+01 9.825463e-01 6.877630e-02 6.999803e-02
2.760000e+01 9.824039e-01 6.872478e-02 6.995573e-02
2.770000e+01 9.822592e-01 6.867333e-02 6.991365e-02
2.780000e+01 9.821179e-01 6.862194e-02 6.987139e-02
2.790000e+01 9.819757e-01 6.857061e-02 6.982923e-02
2.800000e+01 9.818345e-01 6.851935e-02 6.978707e-02
2.810000e+01 9.816959e-01 6.846815e-02 6.974476e-02
2.820000e+01 9.815546e-01 6.841701e-02 6.970270e-02
2.830000e+01 9.814140e-01 6.836593e-02 6.966064e-02
2.840000e+01 9.812731e-01 6.831492e-02 6.961866e-02
2.850000e+01 9.811326e-01 6.826396e-02 6.957670e-02
2.860000e+01 9.809952e-01 6.821307e-02 6.953456e-02
2.870000e+01 9.808548e-01 6.816224e-02 6.949269e-02
2.880000e+01 9.807176e-01 6.811147e-02 6.945065e-02
2.890000e+01 9.805808e-01 6.806076e-02 6.940863e-02
2.900000e+01 9.804437e-01 6.801011e-02 6.936667e-02
2.910000e+01 9.803098e-01 6.795952e-02 6.932454e-02
2.920000e+01 9.801736e-01 6.790899e-02 6.928262e-02
2.930000e+01 9.800398e-01 6.785853e-02 6.924058e-02
2.940000e+01 9.799072e-01 6.780812e-02 6.919851e-02
2.950000e+01 9.797733e-01 6.775777e-02 6.915658e-02
2.960000e+01 9.796399e-01 6.770747e-02 6.911466e-02
2.970000e+01 9.795053e-01 6.765724e-02 6.907287e-02
2.980000e+01 9.793720e-01 6.760707e-02 6.903104e-02
2.990000e+01 9.792412e-01 6.755695e-02 6.898908e-02
3.000000e+01 9.791080e-01 6.750689e-02 6.894734e-02
3.010000e+01 9.789779e-01 6.745689e-02 6.890543e-02
3.020000e+01 9.788479e-01 6.740695e-02 6.886356e-02
3.030000e+01 9.787179e-01 6.735706e-02 6.882173e-02
3.040000e+01 9.785908e-01 6.730723e-02 6.877975e-02
3.050000e+01 9.784618e-01 6.725746e-02 6.873795e-02
3.060000e+01 9.783348e-01 6.720774e-02 6.869605e-02
3.070000e+01 9.782096e-01 6.715808e-02 6.865408e-02
3.080000e+01 9.780813e-01 6.710847e-02 6.861236e-02
3.090000e+01 9.779546e-01 6.705892e-02 6.857058e-02
3.100000e+01 9.778276e-01 6.700942e-02 6.852887e-02
3.110000e+01 9.777010e-01 6.695998e-02 6.848718e-02
3.120000e+01 9.775773e-01 6.691059e-02 6.844533e-02
3.130000e+01 9.774513e-01 6.686126e-02 6.840367e-02
3.140000e+01 9.773277e-01 6.681198e-02 6.836190e-02
3.150000e+01 9.772056e-01 6.676276e-02 6.832007e-02
3.160000e+01 9.770822e-01 6.671359e-02 6.827838e-02
3.170000e+01 9.769615e-01 6.666447e-02 6.823654e-02
3.180000e+01 9.768406e-01 6.661540e-02 6.819475e-02
3.190000e+01 9.767200e-01 6.656639e-02 6.815299e-02
3.200000e+01 9.766016e-01 6.651743e-02 6.811112e-02
3.210000e+01 9.764792e-01 6.646852e-02 6.806958e-02
3.220000e+01 9.763587e-01 6.641967e-02 6.802793e-02
3.230000e+01 9.762402e-01 6.637086e-02 6.798620e-02
3.240000e+01 9.761199e-01 6.632211e-02 6.794463e-02
3.250000e+01 9.760022e-01 6.627340e-02 6.790292e-02
3.260000e+01 9.758851e-01 6.622475e-02 6.786122e-02
3.270000e+01 9.757676e-01 6.617614e-02 6.781958e-02
3.280000e+01 9.756528e-01 6.612759e-02 6.777779e-02
3.290000e+01 9.755370e-01 6.607908e-02 6.773611e-02
3.300000e+01 9.754223e-01 6.603063e-02 6.769440e-02
3.310000e+01 9.753102e-01 6.598222e-02 6.765255e-02
3.320000e+01 9.751954e-01 6.593386e-02 6.761093e-02
3.330000e+01 9.750807e-01 6.588555e-02 6.756934e-02
3.340000e+01 9.749675e-01 6.583729e-02 6.752768e-02
3.350000e+01 9.748530e-01 6.578908e-02 6.748616e-02
3.360000e+01 9.747409e-01 6.574092e-02 6.744450e-02
3.370000e+01 9.746293e-01 6.569280e-02 6.740286e-02
3.380000e+01 9.745174e-01 6.564473e-02 6.736127e-02
3.390000e+01 9.744081e-01 6.559671e-02 6.731955e-02
3.400000e+01 9.742980e-01 6.554873e-02 6.727791e-02
3.410000e+01 9.741887e-01 6.550081e-02 6.723626e-02
3.420000e+01 9.740820e-01 6.545293e-02 6.719448e-02
3.430000e+01 9.739735e-01 6.540509e-02 6.715285e-02
3.440000e+01 9.738660e-01 6.535731e-02 6.711119e-02
3.450000e+01 9.737587e-01 6.530956e-02 6.706955e-02
3.460000e+01 9.736495e-01 6.526187e-02 6.702809e-02
3.470000e+01 9.735427e-01 6.521422e-02 6.698650e-02
3.480000e+01 9.734371e-01 6.516661e-02 6.694486e-02
3.490000e+01 9.733304e-01 6.511905e-02 6.690333e-02
3.500000e+01 9.732261e-01 6.507153e-02 6.686168e-02
3.510000e+01 9.731223e-01 6.502406e-02 6.682003e-02
3.520000e+01 9.730181e-01 6.497663e-02 6.677844e-02
3.530000e+01 9.729164e-01 6.492925e-02 6.673672e-02
3.540000e+01 9.728143e-01 6.488191e-02 6.669506e-02
3.550000e+01 9.727126e-01 6.483461e-02 6.665341e-02
3.560000e+01 9.726116e-01 6.478736e-02 6.661175e-02
3.570000e+01 9.725086e-01 6.474015e-02 6.657026e-02
3.580000e+01 9.724067e-01 6.469298e-02 6.652872e-02
3.590000e+01 9.723071e-01 6.464585e-02 6.648707e-02
3.600000e+01 9.722060e-01 6.459877e-02 6.644556e-02
3.610000e+01 9.721065e-01 6.455172e-02 6.640396e-02
3.620000e+01 9.720093e-01 6.450472e-02 6.636225e-02
3.630000e+01 9.719100e-01 6.445776e-02 6.632071e-02
3.640000e+01 9.718129e-01 6.441084e-02 6.627905e-02
3.650000e+01 9.717177e-01 6.436396e-02 6.623731e-02
3.660000e+01 9.716208e-01 6.431713e-02 6.619571e-02
3.670000e+01 9.715258e-01 6.427033e-02 6.615401e-02
3.680000e+01 9.714299e-01 6.422357e-02 6.611241e-02
3.690000e+01 9.713326e-01 6.417686e-02 6.607094e-02
3.700000e+01 9.712375e-01 6.413018e-02 6.602935e-02
3.710000e+01 9.711435e-01 6.408354e-02 6.598771e-02
3.720000e+01 9.710485e-01 6.403694e-02 6.594618e-02
3.730000e+01 9.709557e-01 6.399039e-02 6.590453e-02
3.740000e+01 9.708638e-01 6.394387e-02 6.586286e-02
3.750000e+01 9.707711e-01 6.389739e-02 6.582127e-02
3.760000e+01 9.706805e-01 6.385095e-02 6.577957e-02
3.770000e+01 9.705905e-01 6.380454e-02 6.573786e-02
3.780000e+01 9.705001e-01 6.375818e-02 6.569621e-02
3.790000e+01 9.704100e-01 6.371186e-02 6.565458e-02
3.800000e+01 9.703195e-01 6.366557e-02 6.561300e-02
3.810000e+01 9.702286e-01 6.361932e-02 6.557148e-02
3.820000e+01 9.701398e-01 6.357311e-02 6.552985e-02
3.830000e+01 9.700514e-01 6.352694e-02 6.548823e-02
3.840000e+01 9.699627e-01 6.348081e-02 6.544665e-02
3.850000e+01 9.698760e-01 6.343471e-02 6.540497e-02
3.860000e+01 9.697897e-01 6.338865e-02 6.536330e-02
3.870000e+01 9.697032e-01 6.334263e-02 6.532167e-02
3.880000e+01 9.696187e-01 6.329665e-02 6.527994e-02
3.890000e+01 9.695345e-01 6.325070e-02 6.523821e-02
3.900000e+01 9.694492e-01 6.320479e-02 6.519659e-02
3.910000e+01 9.693642e-01 6.315891e-02 6.515499e-02
3.920000e+01 9.692797e-01 6.311307e-02 6.511338e-02
3.930000e+01 9.691948e-01 6.306727e-02 6.507182e-02
3.940000e+01 9.691118e-01 6.302151e-02 6.503017e-02
3.950000e+01 9.690295e-01 6.297578e-02 6.498850e-02
3.960000e+01 9.689467e-01 6.293008e-02 6.494690e-02
3.970000e+01 9.688658e-01 6.288443e-02 6.490519e-02
3.980000e+01 9.687858e-01 6.283880e-02 6.486347e-02
3.990000e+01 9.687050e-01 6.279322e-02 6.482182e-02
4.000000e+01 9.686262e-01 6.274767e-02 6.478007e-02
4.010000e+01 9.685480e-01 6.270215e-02 6.473830e-02
4.020000e+01 9.684667e-01 6.265667e-02 6.469678e-02
4.030000e+01 9.683873e-01 6.261123e-02 6.465515e-02
4.040000e+01 9.683093e-01 6.256582e-02 6.461347e-02
4.050000e+01 9.682300e-01 6.252045e-02 6.457190e-02
4.060000e+01 9.681526e-01 6.247511e-02 6.453023e-02
4.070000e+01 9.680769e-01 6.242980e-02 6.448848e-02
4.080000e+01 9.679996e-01 6.238453e-02 6.444686e-02
4.090000e+01 9.679241e-01 6.233930e-02 6.440515e-02
4.100000e+01 9.678505e-01 6.229410e-02 6.436335e-02
4.110000e+01 9.677754e-01 6.224893e-02 6.432167e-02
4.120000e+01 9.677018e-01 6.220380e-02 6.427992e-02
4.130000e+01 9.676275e-01 6.215870e-02 6.423825e-02
4.140000e+01 9.675524e-01 6.211363e-02 6.419666e-02
4.150000e+01 9.674783e-01 6.206860e-02 6.415503e-02
4.160000e+01 9.674059e-01 6.202360e-02 6.411332e-02
4.170000e+01 9.673332e-01 6.197864e-02 6.407165e-02
4.180000e+01 9.672610e-01 6.193371e-02 6.402999e-02
4.190000e+01 9.671905e-01 6.188881e-02 6.398823e-02
4.200000e+01 9.671203e-01 6.184394e-02 6.394649e-02
4.210000e+01 9.670499e-01 6.179911e-02 6.390478e-02
4.220000e+01 9.669812e-01 6.175431e-02 6.386299e-02
4.230000e+01 9.669135e-01 6.170955e-02 6.382117e-02
4.240000e+01 9.668424e-01 6.166482e-02 6.377960e-02
4.250000e+01 9.667731e-01 6.162012e-02 6.373793e-02
4.260000e+01 9.667054e-01 6.157545e-02 6.369619e-02
4.270000e+01 9.666362e-01 6.153082e-02 6.365458e-02
4.280000e+01 9.665687e-01 6.148622e-02 6.361289e-02
4.290000e+01 9.665028e-01 6.144166e-02 6.357111e-02
4.300000e+01 9.664361e-01 6.139712e-02 6.352942e-02
4.310000e+01 9.663704e-01 6.135262e-02 6.348769e-02
4.320000e+01 9.663063e-01 6.130816e-02 6.344588e-02
4.330000e+01 9.662422e-01 6.126372e-02 6.340410e-02
4.340000e+01 9.661780e-01 6.121932e-02 6.336236e-02
4.350000e+01 9.661132e-01 6.117495e-02 6.332068e-02
4.360000e+01 9.660493e-01 6.113061e-02 6.327898e-02
4.370000e+01 9.659846e-01 6.108630e-02 6.323735e-02
4.380000e+01 9.659216e-01 6.104203e-02 6.319564e-02
4.390000e+01 9.658601e-01 6.099779e-02 6.315385e-02
4.400000e+01 9.657973e-01 6.095358e-02 6.311219e-02
4.410000e+01 9.657360e-01 6.090940e-02 6.307045e-02
4.420000e+01 9.656763e-01 6.086526e-02 6.302864e-02
4.430000e+01 9.656161e-01 6.082115e-02 6.298688e-02
4.440000e+01 9.655565e-01 6.077707e-02 6.294512e-02
4.450000e+01 9.654979e-01 6.073302e-02 6.290331e-02
4.460000e+01 9.654381e-01 6.068900e-02 6.286162e-02
4.470000e+01 9.653778e-01 6.064502e-02 6.281998e-02
4.480000e+01 9.653190e-01 6.060106e-02 6.277828e-02
4.490000e+01 9.652617e-01 6.055714e-02 6.273650e-02
4.500000e+01 9.652032e-01 6.051325e-02 6.269483e-02
4.510000e+01 9.651461e-01 6.046939e-02 6.265310e-02
4.520000e+01 9.650905e-01 6.042556e-02 6.261129e-02
4.530000e+01 9.650348e-01 6.038177e-02 6.256952e-02
4.540000e+01 9.649793e-01 6.033800e-02 6.252777e-02
4.550000e+01 9.649253e-01 6.029427e-02 6.248594e-02
4.560000e+01 9.648713e-01 6.025057e-02 6.244415e-02
4.570000e+01 9.648151e-01 6.020689e-02 6.240252e-02
4.580000e+01 9.647603e-01 6.016325e-02 6.236083e-02
4.590000e+01 9.647071e-01 6.011964e-02 6.231906e-02
4.600000e+01 9.646532e-01 6.007607e-02 6.227737e-02
4.610000e+01 9.646001e-01 6.003252e-02 6.223565e-02
4.620000e+01 9.645484e-01 5.998900e-02 6.219387e-02
4.630000e+01 9.644975e-01 5.994552e-02 6.215207e-02
4.640000e+01 9.644459e-01 5.990206e-02 6.211034e-02
4.650000e+01 9.643958e-01 5.985864e-02 6.206854e-02
4.660000e+01 9.643471e-01 5.981525e-02 6.202668e-02
4.670000e+01 9.642959e-01 5.977189e-02 6.198500e-02
4.680000e+01 9.642450e-01 5.972856e-02 6.194334e-02
4.690000e+01 9.641955e-01 5.968526e-02 6.190161e-02
4.700000e+01 9.641467e-01 5.964199e-02 6.185987e-02
4.710000e+01 9.640973e-01 5.959875e-02 6.181819e-02
4.720000e+01 9.640493e-01 5.955554e-02 6.177645e-02
4.730000e+01 9.640027e-01 5.951237e-02 6.173465e-02
4.740000e+01 9.639555e-01 5.946922e-02 6.169292e-02
4.750000e+01 9.639090e-01 5.942611e-02 6.165116e-02
4.760000e+01 9.638639e-01 5.938303e-02 6.160935e-02
4.770000e+01 9.638194e-01 5.933998e-02 6.156753e-02
4.780000e+01 9.637721e-01 5.929696e-02 6.152591e-02
4.790000e+01 9.637262e-01 5.925397e-02 6.148424e-02
4.800000e+01 9.636816e-01 5.921101e-02 6.144250e-02
4.810000e+01 9.636367e-01 5.916808e-02 6.140082e-02
4.820000e+01 9.635923e-01 5.912519e-02 6.135913e-02
4.830000e+01 9.635492e-01 5.908232e-02 6.131739e-02
4.840000e+01 9.635073e-01 5.903949e-02 6.127560e-02
4.850000e+01 9.634643e-01 5.899669e-02 6.123391e-02
4.860000e+01 9.634226e-01 5.895391e-02 6.119216e-02
4.870000e+01 9.633823e-01 5.891117e-02 6.115036e-02
4.880000e+01 9.633410e-01 5.886846e-02 6.110864e-02
4.890000e+01 9.632985e-01 5.882578e-02 6.106704e-02
4.900000e+01 9.632573e-01 5.878313e-02 6.102537e-02
4.910000e+01 9.632174e-01 5.874052e-02 6.098365e-02
4.920000e+01 9.631770e-01 5.869793e-02 6.094200e-02
4.930000e+01 9.631371e-01 5.865537e-02 6.090033e-02
4.940000e+01 9.630986e-01 5.861285e-02 6.085862e-02
4.950000e+01 9.630613e-01 5.857036e-02 6.081685e-02
4.960000e+01 9.630229e-01 5.852790e-02 6.077519e-02
4.970000e+01 9.629858e-01 5.848546e-02 6.073347e-02
4.980000e+01 9.629498e-01 5.844307e-02 6.069171e-02
4.990000e+01 9.629122e-01 5.840070e-02 6.065008e-02
5.000000e+01 9.628742e-01 5.835836e-02 6.060850e-02
5.010000e+01 9.628374e-01 5.831605e-02 6.056687e-02
5.020000e+01 9.628020e-01 5.827378e-02 6.052520e-02
5.030000e+01 9.627664e-01 5.823154e-02 6.048356e-02
5.040000e+01 9.627310e-01 5.818932e-02 6.044194e-02
5.050000e+01 9.626968e-01 5.814714e-02 6.040026e-02
5.060000e+01 9.626639e-01 5.810499e-02 6.035855e-02
5.070000e+01 9.626304e-01 5.806288e-02 6.031690e-02
5.080000e+01 9.625976e-01 5.802079e-02 6.027523e-02
5.090000e+01 9.625646e-01 5.797873e-02 6.023360e-02
5.100000e+01 9.625320e-01 5.793671e-02 6.019198e-02
5.110000e+01 9.624984e-01 5.789472e-02 6.015045e-02
5.120000e+01 9.624659e-01 5.785276e-02 6.010889e-02
5.130000e+01 9.624346e-01 5.781083e-02 6.006727e-02
5.140000e+01 9.624043e-01 5.776893e-02 6.002563e-02
5.150000e+01 9.623731e-01 5.772706e-02 5.998408e-02
5.160000e+01 9.623431e-01 5.768523e-02 5.994247e-02
5.170000e+01 9.623143e-01 5.764342e-02 5.990083e-02
5.180000e+01 9.622862e-01 5.760165e-02 5.985917e-02
5.190000e+01 9.622569e-01 5.755991e-02 5.981761e-02
5.200000e+01 9.622272e-01 5.751820e-02 5.977611e-02
5.210000e+01 9.621986e-01 5.747652e-02 5.973457e-02
5.220000e+01 9.621706e-01 5.743488e-02 5.969303e-02
5.230000e+01 9.621421e-01 5.739326e-02 5.965154e-02
5.240000e+01 9.621148e-01 5.735168e-02 5.961001e-02
5.250000e+01 9.620887e-01 5.731013e-02 5.956845e-02
5.260000e+01 9.620630e-01 5.726861e-02 5.952689e-02
5.270000e+01 9.620369e-01 5.722713e-02 5.948537e-02
5.280000e+01 9.620120e-01 5.718567e-02 5.944382e-02
5.290000e+01 9.619882e-01 5.714425e-02 5.940223e-02
5.300000e+01 9.619628e-01 5.710286e-02 5.936078e-02
5.310000e+01 9.619369e-01 5.706150e-02 5.931938e-02
5.320000e+01 9.619123e-01 5.702018e-02 5.927794e-02
5.330000e+01 9.618887e-01 5.697888e-02 5.923646e-02
5.340000e+01 9.618656e-01 5.693762e-02 5.919499e-02
5.350000e+01 9.618421e-01 5.689639e-02 5.915357e-02
5.360000e+01 9.618197e-01 5.685520e-02 5.911212e-02
5.370000e+01 9.617985e-01 5.681403e-02 5.907062e-02
5.380000e+01 9.617778e-01 5.677290e-02 5.902913e-02
5.390000e+01 9.617566e-01 5.673180e-02 5.898769e-02
5.400000e+01 9.617350e-01 5.669074e-02 5.894631e-02
5.410000e+01 9.617140e-01 5.664970e-02 5.890494e-02
5.420000e+01 9.616937e-01 5.660870e-02 5.886354e-02
5.430000e+01 9.616727e-01 5.656773e-02 5.882223e-02
5.440000e+01 9.616528e-01 5.652679e-02 5.878087e-02
5.450000e+01 9.616340e-01 5.648589e-02 5.873949e-02
5.460000e+01 9.616162e-01 5.644501e-02 5.869807e-02
5.470000e+01 9.615975e-01 5.640417e-02 5.865674e-02
5.480000e+01 9.615798e-01 5.636337e-02 5.861538e-02
5.490000e+01 9.615632e-01 5.632259e-02 5.857399e-02
5.500000e+01 9.615465e-01 5.628185e-02 5.853263e-02
5.510000e+01 9.615284e-01 5.624114e-02 5.849140e-02
5.520000e+01 9.615108e-01 5.620046e-02 5.845016e-02
5.530000e+01 9.614943e-01 5.615982e-02 5.840890e-02
5.540000e+01 9.614788e-01 5.611921e-02 5.836760e-02
5.550000e+01 9.614633e-01 5.607863e-02 5.832633e-02
5.560000e+01 9.614480e-01 5.603809e-02 5.828510e-02
5.570000e+01 9.614336e-01 5.599758e-02 5.824383e-02
5.580000e+01 9.614203e-01 5.595710e-02 5.820253e-02
5.590000e+01 9.614075e-01 5.591665e-02 5.816124e-02
5.600000e+01 9.613934e-01 5.587624e-02 5.812006e-02
5.610000e+01 9.613791e-01 5.583586e-02 5.807892e-02
5.620000e+01 9.613658e-01 5.579551e-02 5.803775e-02
5.630000e+01 9.613536e-01 5.575520e-02 5.799655e-02
5.640000e+01 9.613406e-01 5.571491e-02 5.795544e-02
5.650000e+01 9.613284e-01 5.567467e-02 5.791430e-02
5.660000e+01 9.613173e-01 5.563445e-02 5.787314e-02
5.670000e+01 9.613071e-01 5.559427e-02 5.783196e-02
5.680000e+01 9.612969e-01 5.555412e-02 5.779080e-02
5.690000e+01 9.612868e-01 5.551400e-02 5.774968e-02
5.700000e+01 9.612769e-01 5.547392e-02 5.770858e-02
5.710000e+01 9.612667e-01 5.543387e-02 5.766753e-02
5.720000e+01 9.612573e-01 5.539386e-02 5.762646e-02
5.730000e+01 9.612472e-01 5.535387e-02 5.758547e-02
5.740000e+01 9.612381e-01 5.531393e-02 5.754446e-02
5.750000e+01 9.612300e-01 5.527401e-02 5.750342e-02
5.760000e+01 9.612228e-01 5.523413e-02 5.746236e-02
5.770000e+01 9.612154e-01 5.519428e-02 5.742134e-02
5.780000e+01 9.612083e-01 5.515447e-02 5.738035e-02
5.790000e+01 9.612022e-01 5.511469e-02 5.733933e-02
5.800000e+01 9.611961e-01 5.507494e-02 5.729834e-02
5.810000e+01 9.611896e-01 5.503523e-02 5.725741e-02
5.820000e+01 9.611825e-01 5.499555e-02 5.721655e-02
5.830000e+01 9.611763e-01 5.495590e-02 5.717567e-02
5.840000e+01 9.611711e-01 5.491629e-02 5.713478e-02
5.850000e+01 9.611667e-01 5.487672e-02 5.709386e-02
5.860000e+01 9.611624e-01 5.483718e-02 5.705297e-02
5.870000e+01 9.611582e-01 5.479767e-02 5.701212e-02
5.880000e+01 9.611549e-01 5.475819e-02 5.697125e-02
5.890000e+01 9.611525e-01 5.471876e-02 5.693036e-02
5.900000e+01 9.611499e-01 5.467935e-02 5.688951e-02
5.910000e+01 9.611459e-01 5.463998e-02 5.684879e-02
5.920000e+01 9.611425e-01 5.460064e-02 5.680806e-02
5.930000e+01 9.611401e-01 5.456134e-02 5.676732e-02
5.940000e+01 9.611385e-01 5.452207e-02 5.672655e-02
5.950000e+01 9.611376e-01 5.448284e-02 5.668579e-02
5.960000e+01 9.611361e-01 5.444364e-02 5.664509e-02
5.970000e+01 9.611355e-01 5.440448e-02 5.660438e-02
5.980000e+01 9.611358e-01 5.436535e-02 5.656365e-02
5.990000e+01 9.611370e-01 5.432625e-02 5.652290e-02
6.000000e+01 9.611371e-01 5.428719e-02 5.648225e-02
6.010000e+01 9.611365e-01 5.424817e-02 5.644169e-02
6.020000e+01 9.611367e-01 5.420917e-02 5.640111e-02
6.030000e+01 9.611378e-01 5.417022e-02 5.636051e-02
6.040000e+01 9.611398e-01 5.413130e-02 5.631990e-02
6.050000e+01 9.611417e-01 5.409241e-02 5.627933e-02
6.060000e+01 9.611437e-01 5.405356e-02 5.623879e-02
6.070000e+01 9.611467e-01 5.401474e-02 5.619823e-02
6.080000e+01 9.611504e-01 5.397596e-02 5.615766e-02
6.090000e+01 9.611551e-01 5.393721e-02 5.611708e-02
6.100000e+01 9.611578e-01 5.389850e-02 5.607664e-02
6.110000e+01 9.611606e-01 5.385983e-02 5.603624e-02
6.120000e+01 9.611643e-01 5.382118e-02 5.599582e-02
6.130000e+01 9.611688e-01 5.378258e-02 5.595540e-02
6.140000e+01 9.611741e-01 5.374401e-02 5.591496e-02
6.150000e+01 9.611792e-01 5.370547e-02 5.587457e-02
6.160000e+01 9.611846e-01 5.366697e-02 5.583420e-02
6.170000e+01 9.611909e-01 5.362851e-02 5.579382e-02
6.180000e+01 9.611980e-01 5.359008e-02 5.575342e-02
6.190000e+01 9.612056e-01 5.355168e-02 5.571304e-02
6.200000e+01 9.612114e-01 5.351332e-02 5.567279e-02
6.210000e+01 9.612176e-01 5.347500e-02 5.563257e-02
6.220000e+01 9.612245e-01 5.343671e-02 5.559233e-02
6.230000e+01 9.612323e-01 5.339846e-02 5.555209e-02
6.240000e+01 9.612408e-01 5.336024e-02 5.551184e-02
6.250000e+01 9.612494e-01 5.332206e-02 5.547162e-02
6.260000e+01 9.612581e-01 5.328392e-02 5.543144e-02
6.270000e+01 9.612675e-01 5.324581e-02 5.539125e-02
6.280000e+01 9.612778e-01 5.320773e-02 5.535105e-02
6.290000e+01 9.612879e-01 5.316969e-02 5.531089e-02
6.300000e+01 9.612974e-01 5.313169e-02 5.527082e-02
6.310000e+01 9.613067e-01 5.309372e-02 5.523079e-02
6.320000e+01 9.613168e-01 5.305579e-02 5.519075e-02
6.330000e+01 9.613277e-01 5.301790e-02 5.515070e-02
6.340000e+01 9.613393e-01 5.298004e-02 5.511065e-02
6.350000e+01 9.613516e-01 5.294221e-02 5.507060e-02
6.360000e+01 9.613634e-01 5.290443e-02 5.503062e-02
6.370000e+01 9.613760e-01 5.286667e-02 5.499063e-02
6.380000e+01 9.613893e-01 5.282896e-02 5.495064e-02
6.390000e+01 9.614017e-01 5.279128e-02 5.491074e-02
6.400000e+01 9.614147e-01 5.275363e-02 5.487084e-02
6.410000e+01 9.614274e-01 5.271603e-02 5.483100e-02
6.420000e+01 9.614405e-01 5.267845e-02 5.479118e-02
6.430000e+01 9.614543e-01 5.264092e-02 5.475135e-02
6.440000e+01 9.614690e-01 5.260342e-02 5.471151e-02
6.450000e+01 9.614843e-01 5.256596e-02 5.467167e-02
6.460000e+01 9.615000e-01 5.252853e-02 5.463186e-02
6.470000e+01 9.615155e-01 5.249114e-02 5.459209e-02
6.480000e+01 9.615310e-01 5.245379e-02 5.455236e-02
6.490000e+01 9.615462e-01 5.241647e-02 5.451269e-02
6.500000e+01 9.615620e-01 5.237919e-02 5.447302e-02
6.510000e+01 9.615787e-01 5.234195e-02 5.443335e-02
6.520000e+01 9.615949e-01 5.230474e-02 5.439374e-02
6.530000e+01 9.616117e-01 5.226757e-02 5.435413e-02
6.540000e+01 9.616292e-01 5.223044e-02 5.431453e-02
6.550000e+01 9.616474e-01 5.219334e-02 5.427492e-02
6.560000e+01 9.616663e-01 5.215628e-02 5.423532e-02
6.570000e+01 9.616857e-01 5.211925e-02 5.419572e-02
6.580000e+01 9.617031e-01 5.208227e-02 5.415628e-02
6.590000e+01 9.617211e-01 5.204532e-02 5.411685e-02
6.600000e+01 9.617398e-01 5.200840e-02 5.407742e-02
6.610000e+01 9.617592e-01 5.197153e-02 5.403798e-02
6.620000e+01 9.617793e-01 5.193468e-02 5.399855e-02
6.630000e+01 9.617995e-01 5.189788e-02 5.395915e-02
6.640000e+01 9.618198e-01 5.186112e-02 5.391979e-02
6.650000e+01 9.618407e-01 5.182439e-02 5.388042e-02
6.660000e+01 9.618624e-01 5.178769e-02 5.384106e-02
6.670000e+01 9.618838e-01 5.175104e-02 5.380175e-02
6.680000e+01 9.619051e-01 5.171442e-02 5.376250e-02
6.690000e+01 9.619262e-01 5.167784e-02 5.372329e-02
6.700000e+01 9.619476e-01 5.164129e-02 5.368410e-02
6.710000e+01 9.619697e-01 5.160478e-02 5.364492e-02
6.720000e+01 9.619925e-01 5.156831e-02 5.360574e-02
6.730000e+01 9.620159e-01 5.153188e-02 5.356656e-02
6.740000e+01 9.620401e-01 5.149548e-02 5.352738e-02
6.750000e+01 9.620640e-01 5.145912e-02 5.348825e-02
6.760000e+01 9.620880e-01 5.142280e-02 5.344916e-02
6.770000e+01 9.621112e-01 5.138651e-02 5.341016e-02
6.780000e+01 9.621351e-01 5.135027e-02 5.337116e-02
6.790000e+01 9.621596e-01 5.131405e-02 5.333217e-02
6.800000e+01 9.621848e-01 5.127788e-02 5.329317e-02
6.810000e+01 9.622099e-01 5.124174e-02 5.325423e-02
6.820000e+01 9.622352e-01 5.120564e-02 5.321531e-02
6.830000e+01 9.622612e-01 5.116958e-02 5.317639e-02
6.840000e+01 9.622879e-01 5.113356e-02 5.313748e-02
6.850000e+01 9.623153e-01 5.109757e-02 5.309857e-02
6.860000e+01 9.623417e-01 5.106162e-02 5.305976e-02
6.870000e+01 9.623680e-01 5.102570e-02 5.302099e-02
6.880000e+01 9.623944e-01 5.098983e-02 5.298226e-02
6.890000e+01 9.624214e-01 5.095399e-02 5.294353e-02
6.900000e+01 9.624491e-01 5.091818e-02 5.290481e-02
6.910000e+01 9.624774e-01 5.088242e-02 5.286609e-02
6.920000e+01 9.625063e-01 5.084669e-02 5.282738e-02
6.930000e+01 9.625357e-01 5.081100e-02 5.278869e-02
6.940000e+01 9.625648e-01 5.077535e-02 5.275006e-02
6.950000e+01 9.625934e-01 5.073973e-02 5.271149e-02
6.960000e+01 9.626220e-01 5.070415e-02 5.267296e-02
6.970000e+01 9.626513e-01 5.066861e-02 5.263444e-02
6.980000e+01 9.626812e-01 5.063311e-02 5.259592e-02
6.990000e+01 9.627117e-01 5.059764e-02 5.255742e-02
7.000000e+01 9.627420e-01 5.056221e-02 5.251897e-02
7.010000e+01 9.627726e-01 5.052682e-02 5.248053e-02
7.020000e+01 9.628039e-01 5.049147e-02 5.244211e-02
7.030000e+01 9.628359e-01 5.045615e-02 5.240369e-02
7.040000e+01 9.628675e-01 5.042087e-02 5.236533e-02
7.050000e+01 9.628989e-01 5.038563e-02 5.232702e-02
7.060000e+01 9.629307e-01 5.035043e-02 5.228874e-02
7.070000e+01 9.629622e-01 5.031526e-02 5.225050e-02
7.080000e+01 9.629944e-01 5.028013e-02 5.221228e-02
7.090000e+01 9.630272e-01 5.024504e-02 5.217406e-02
7.100000e+01 9.630606e-01 5.020999e-02 5.213586e-02
7.110000e+01 9.630946e-01 5.017497e-02 5.209766e-02
7.120000e+01 9.631292e-01 5.013999e-02 5.205947e-02
7.130000e+01 9.631631e-01 5.010505e-02 5.202136e-02
7.140000e+01 9.631961e-01 5.007015e-02 5.198334e-02
7.150000e+01 9.632297e-01 5.003528e-02 5.194533e-02
7.160000e+01 9.632640e-01 5.000046e-02 5.190733e-02
7.170000e+01 9.632988e-01 4.996567e-02 5.186933e-02
7.180000e+01 9.633342e-01 4.993091e-02 5.183135e-02
7.190000e+01 9.633702e-01 4.989620e-02 5.179338e-02
7.200000e+01 9.634062e-01 4.986152e-02 5.175545e-02
7.210000e+01 9.634423e-01 4.982688e-02 5.171756e-02
7.220000e+01 9.634784e-01 4.979228e-02 5.167971e-02
7.230000e+01 9.635140e-01 4.975772e-02 5.164192e-02
7.240000e+01 9.635502e-01 4.972319e-02 5.160415e-02
7.250000e+01 9.635870e-01 4.968870e-02 5.156639e-02
7.260000e+01 9.636244e-01 4.965425e-02 5.152863e-02
7.270000e+01 9.636617e-01 4.961984e-02 5.149093e-02
7.280000e+01 9.636993e-01 4.958546e-02 5.145325e-02
7.290000e+01 9.637374e-01 4.955112e-02 5.141558e-02
7.300000e+01 9.637761e-01 4.951682e-02 5.137793e-02
7.310000e+01 9.638145e-01 4.948256e-02 5.134033e-02
7.320000e+01 9.638527e-01 4.944833e-02 5.130279e-02
7.330000e+01 9.638913e-01 4.941415e-02 5.126527e-02
7.340000e+01 9.639302e-01 4.938000e-02 5.122777e-02
7.350000e+01 9.639691e-01 4.934589e-02 5.119032e-02
7.360000e+01 9.640085e-01 4.931181e-02 5.115288e-02
7.370000e+01 9.640484e-01 4.927778e-02 5.111546e-02
7.380000e+01 9.640890e-01 4.924378e-02 5.107804e-02
7.390000e+01 9.641300e-01 4.920982e-02 5.104065e-02
7.400000e+01 9.641707e-01 4.917590e-02 5.100331e-02
7.410000e+01 9.642112e-01 4.914201e-02 5.096603e-02
7.420000e+01 9.642514e-01 4.910817e-02 5.092880e-02
7.430000e+01 9.642920e-01 4.907436e-02 5.089159e-02
7.440000e+01 9.643333e-01 4.904059e-02 5.085440e-02
7.450000e+01 9.643750e-01 4.900686e-02 5.081722e-02
7.460000e+01 9.644173e-01 4.897316e-02 5.078005e-02
7.470000e+01 9.644602e-01 4.893951e-02 5.074290e-02
7.480000e+01 9.645035e-01 4.890589e-02 5.070576e-02
7.490000e+01 9.645460e-01 4.887231e-02 5.066872e-02
7.500000e+01 9.645879e-01 4.883876e-02 5.063174e-02
7.510000e+01 9.646303e-01 4.880526e-02 5.059478e-02
7.520000e+01 9.646733e-01 4.877179e-02 5.055783e-02
7.530000e+01 9.647168e-01 4.873836e-02 5.052090e-02
7.540000e+01 9.647608e-01 4.870497e-02 5.048398e-02
7.550000e+01 9.648054e-01 4.867162e-02 5.044708e-02
7.560000e+01 9.648505e-01 4.863830e-02 5.041019e-02
7.570000e+01 9.648957e-01 4.860502e-02 5.037334e-02
7.580000e+01 9.649394e-01 4.857178e-02 5.033661e-02
7.590000e+01 9.649836e-01 4.853858e-02 5.029990e-02
7.600000e+01 9.650282e-01 4.850541e-02 5.026321e-02
7.610000e+01 9.650734e-01 4.847229e-02 5.022653e-02
7.620000e+01 9.651192e-01 4.843920e-02 5.018986e-02
7.630000e+01 9.651654e-01 4.840615e-02 5.015322e-02
7.640000e+01 9.652121e-01 4.837313e-02 5.011658e-02
7.650000e+01 9.652591e-01 4.834016e-02 5.007998e-02
7.660000e+01 9.653055e-01 4.830722e-02 5.004345e-02
7.670000e+01 9.653514e-01 4.827432e-02 5.000699e-02
7.680000e+01 9.653977e-01 4.824146e-02 4.997056e-02
7.690000e+01 9.654445e-01 4.820863e-02 4.993413e-02
7.700000e+01 9.654918e-01 4.817585e-02 4.989773e-02
7.710000e+01 9.655396e-01 4.814310e-02 4.986134e-02
7.720000e+01 9.655879e-01 4.811038e-02 4.982497e-02
7.730000e+01 9.656367e-01 4.807771e-02 4.978861e-02
7.740000e+01 9.656853e-01 4.804507e-02 4.975231e-02
7.750000e+01 9.657332e-01 4.801248e-02 4.971609e-02
7.760000e+01 9.657811e-01 4.797992e-02 4.967991e-02
7.770000e+01 9.658295e-01 4.794739e-02 4.964374e-02
7.780000e+01 9.658783e-01 4.791491e-02 4.960760e-02
7.790000e+01 9.659277e-01 4.788246e-02 4.957147e-02
7.800000e+01 9.659775e-01 4.785005e-02 4.953537e-02
7.810000e+01 9.660278e-01 4.781768e-02 4.949928e-02
7.820000e+01 9.660784e-01 4.778534e-02 4.946322e-02
7.830000e+01 9.661288e-01 4.775305e-02 4.942721e-02
7.840000e+01 9.661782e-01 4.772079e-02 4.939129e-02
7.850000e+01 9.662280e-01 4.768857e-02 4.935540e-02
7.860000e+01 9.662784e-01 4.765639e-02 4.931952e-02
7.870000e+01 9.663292e-01 4.762424e-02 4.928366e-02
7.880000e+01 9.663805e-01 4.759213e-02 4.924782e-02
7.890000e+01 9.664322e-01 4.756006e-02 4.921200e-02
7.900000e+01 9.664845e-01 4.752803e-02 4.917620e-02
7.910000e+01 9.665370e-01 4.749604e-02 4.914042e-02
7.920000e+01 9.665885e-01 4.746408e-02 4.910474e-02
7.930000e+01 9.666399e-01 4.743216e-02 4.906911e-02
7.940000e+01 9.666916e-01 4.740028e-02 4.903350e-02
7.950000e+01 9.667439e-01 4.736843e-02 4.899791e-02
7.960000e+01 9.667966e-01 4.733663e-02 4.896234e-02
7.970000e+01 9.668498e-01 4.730486e-02 4.892679e-02
7.980000e+01 9.669035e-01 4.727312e-02 4.889125e-02
7.990000e+01 9.669576e-01 4.724143e-02 4.885574e-02
8.000000e+01 9.670119e-01 4.720977e-02 4.882026e-02
8.010000e+01 9.670647e-01 4.717815e-02 4.878489e-02
8.020000e+01 9.671179e-01 4.714657e-02 4.874955e-02
8.030000e+01 9.671716e-01 4.711502e-02 4.871423e-02
8.040000e+01 9.672257e-01 4.708352e-02 4.867893e-02
8.050000e+01 9.672803e-01 4.705205e-02 4.864365e-02
8.060000e+01 9.673353e-01 4.702061e-02 4.860839e-02
8.070000e+01 9.673907e-01 4.698922e-02 4.857315e-02
8.080000e+01 9.674466e-01 4.695786e-02 4.853793e-02
8.090000e+01 9.675018e-01 4.692654e-02 4.850279e-02
8.100000e+01 9.675569e-01 4.689525e-02 4.846770e-02
8.110000e+01 9.676119e-01 4.686401e-02 4.843265e-02
8.120000e+01 9.676673e-01 4.683280e-02 4.839763e-02
8.130000e+01 9.677231e-01 4.680163e-02 4.836262e-02
8.140000e+01 9.677795e-01 4.677049e-02 4.832764e-02
8.150000e+01 9.678362e-01 4.673940e-02 4.829267e-02
8.160000e+01 9.678934e-01 4.670834e-02 4.825773e-02
8.170000e+01 9.679503e-01 4.667732e-02 4.822284e-02
8.180000e+01 9.680068e-01 4.664633e-02 4.818802e-02
8.190000e+01 9.680637e-01 4.661538e-02 4.815322e-02
8.200000e+01 9.681210e-01 4.658447e-02 4.811844e-02
8.210000e+01 9.681782e-01 4.655360e-02 4.808371e-02
8.220000e+01 9.682357e-01 4.652276e-02 4.804900e-02
8.230000e+01 9.682937e-01 4.649196e-02 4.801432e-02
8.240000e+01 9.683521e-01 4.646120e-02 4.797965e-02
8.250000e+01 9.684107e-01 4.643048e-02 4.794503e-02
8.260000e+01 9.684684e-01 4.639979e-02 4.791048e-02
8.270000e+01 9.685265e-01 4.636914e-02 4.787596e-02
8.280000e+01 9.685851e-01 4.633853e-02 4.784146e-02
8.290000e+01 9.686440e-01 4.630795e-02 4.780698e-02
8.300000e+01 9.687034e-01 4.627741e-02 4.777253e-02
8.310000e+01 9.687631e-01 4.624691e-02 4.773810e-02
8.320000e+01 9.688227e-01 4.621644e-02 4.770371e-02
8.330000e+01 9.688828e-01 4.618601e-02 4.766935e-02
8.340000e+01 9.689417e-01 4.615562e-02 4.763509e-02
8.350000e+01 9.690010e-01 4.612526e-02 4.760084e-02
8.360000e+01 9.690607e-01 4.609495e-02 4.756662e-02
8.370000e+01 9.691209e-01 4.606466e-02 4.753243e-02
8.380000e+01 9.691814e-01 4.603442e-02 4.749825e-02
8.390000e+01 9.692423e-01 4.600421e-02 4.746410e-02
8.400000e+01 9.693037e-01 4.597404e-02 4.742997e-02
8.410000e+01 9.693654e-01 4.594391e-02 4.739586e-02
8.420000e+01 9.694262e-01 4.591381e-02 4.736184e-02
8.430000e+01 9.694868e-01 4.588375e-02 4.732787e-02
8.440000e+01 9.695476e-01 4.585372e-02 4.729394e-02
8.450000e+01 9.696089e-01 4.582373e-02 4.726002e-02
8.460000e+01 9.696705e-01 4.579378e-02 4.722613e-02
8.470000e+01 9.697326e-01 4.576387e-02 4.719226e-02
8.480000e+01 9.697950e-01 4.573399e-02 4.715841e-02
8.490000e+01 9.698578e-01 4.570415e-02 4.712459e-02
8.500000e+01 9.699198e-01 4.567434e-02 4.709085e-02
8.510000e+01 9.699818e-01 4.564457e-02 4.705714e-02
8.520000e+01 9.700443e-01 4.561484e-02 4.702346e-02
8.530000e+01 9.701071e-01 4.558515e-02 4.698981e-02
8.540000e+01 9.701704e-01 4.555549e-02 4.695617e-02
8.550000e+01 9.702336e-01 4.552586e-02 4.692258e-02
8.560000e+01 9.702971e-01 4.549628e-02 4.688901e-02
8.570000e+01 9.703610e-01 4.546673e-02 4.685548e-02
8.580000e+01 9.704240e-01 4.543721e-02 4.682202e-02
8.590000e+01 9.704871e-01 4.540773e-02 4.678860e-02
8.600000e+01 9.705506e-01 4.537829e-02 4.675521e-02
8.610000e+01 9.706145e-01 4.534889e-02 4.672183e-02
8.620000e+01 9.706787e-01 4.531952e-02 4.668849e-02
8.630000e+01 9.707433e-01 4.529019e-02 4.665516e-02
8.640000e+01 9.708083e-01 4.526089e-02 4.662186e-02
8.650000e+01 9.708736e-01 4.523163e-02 4.658859e-02
8.660000e+01 9.709380e-01 4.520241e-02 4.655540e-02
8.670000e+01 9.710026e-01 4.517322e-02 4.652224e-02
8.680000e+01 9.710672e-01 4.514407e-02 4.648913e-02
8.690000e+01 9.711321e-01 4.511495e-02 4.645604e-02
8.700000e+01 9.711973e-01 4.508587e-02 4.642298e-02
8.710000e+01 9.712629e-01 4.505683e-02 4.638994e-02
8.720000e+01 9.713289e-01 4.502782e-02 4.635693e-02
8.730000e+01 9.713951e-01 4.499885e-02 4.632394e-02
8.740000e+01 9.714603e-01 4.496991e-02 4.629105e-02
8.750000e+01 9.715258e-01 4.494101e-02 4.625817e-02
8.760000e+01 9.715917e-01 4.491215e-02 4.622533e-02
8.770000e+01 9.716580e-01 4.488332e-02 4.619251e-02
8.780000e+01 9.717246e-01 4.485453e-02 4.615971e-02
8.790000e+01 9.717916e-01 4.482577e-02 4.612694e-02
8.800000e+01 9.718589e-01 4.479705e-02 4.609419e-02
8.810000e+01 9.719262e-01 4.476836e-02 4.606148e-02
8.820000e+01 9.719925e-01 4.473971e-02 4.602886e-02
8.830000e+01 9.720590e-01 4.471109e-02 4.599628e-02
8.840000e+01 9.721258e-01 4.468252e-02 4.596372e-02
8.850000e+01 9.721929e-01 4.465397e-02 4.593118e-02
8.860000e+01 9.722605e-01 4.462546e-02 4.589867e-02
8.870000e+01 9.723283e-01 4.459699e-02 4.586619e-02
8.880000e+01 9.723965e-01 4.456855e-02 4.583372e-02
8.890000e+01 9.724643e-01 4.454015e-02 4.580132e-02
8.900000e+01 9.725317e-01 4.451179e-02 4.576898e-02
8.910000e+01 9.725995e-01 4.448345e-02 4.573666e-02
8.920000e+01 9.726675e-01 4.445516e-02 4.570437e-02
8.930000e+01 9.727360e-01 4.442690e-02 4.567211e-02
8.940000e+01 9.728047e-01 4.439867e-02 4.563986e-02
8.950000e+01 9.728738e-01 4.437049e-02 4.560765e-02
8.960000e+01 9.729432e-01 4.434233e-02 4.557546e-02
8.970000e+01 9.730117e-01 4.431421e-02 4.554335e-02
8.980000e+01 9.730800e-01 4.428613e-02 4.551130e-02
8.990000e+01 9.731486e-01 4.425808e-02 4.547927e-02
9.000000e+01 9.732175e-01 4.423007e-02 4.544726e-02
9.010000e+01 9.732867e-01 4.420209e-02 4.541528e-02
9.020000e+01 9.733563e-01 4.417415e-02 4.538333e-02
9.030000e+01 9.734262e-01 4.414624e-02 4.535140e-02
9.040000e+01 9.734961e-01 4.411837e-02 4.531952e-02
9.050000e+01 9.735652e-01 4.409054e-02 4.528771e-02
9.060000e+01 9.736347e-01 4.406274e-02 4.525592e-02
9.070000e+01 9.737044e-01 4.403497e-02 4.522416e-02
9.080000e+01 9.737745e-01 4.400724e-02 4.519243e-02
9.090000e+01 9.738449e-01 4.397954e-02 4.516072e-02
9.100000e+01 9.739157e-01 4.395188e-02 4.512904e-02
9.110000e+01 9.739867e-01 4.392425e-02 4.509738e-02
9.120000e+01 9.740571e-01 4.389666e-02 4.506580e-02
9.130000e+01 9.741273e-01 4.386910e-02 4.503426e-02
9.140000e+01 9.741979e-01 4.384158e-02 4.500275e-02
9.150000e+01 9.742685e-01 4.381409e-02 4.497127e-02
9.160000e+01 9.743394e-01 4.378664e-02 4.493983e-02
9.170000e+01 9.744105e-01 4.375922e-02 4.490840e-02
9.180000e+01 9.744820e-01 4.373184e-02 4.487701e-02
9.190000e+01 9.745535e-01 4.370449e-02 4.484565e-02
9.200000e+01 9.746242e-01 4.367718e-02 4.481438e-02
9.210000e+01 9.746952e-01 4.364990e-02 4.478312e-02
9.220000e+01 9.747665e-01 4.362265e-02 4.475190e-02
9.230000e+01 9.748381e-01 4.359544e-02 4.472070e-02
9.240000e+01 9.749101e-01 4.356826e-02 4.468952e-02
9.250000e+01 9.749823e-01 4.354112e-02 4.465837e-02
9.260000e+01 9.750548e-01 4.351401e-02 4.462725e-02
9.270000e+01 9.751265e-01 4.348694e-02 4.459621e-02
9.280000e+01 9.751982e-01 4.345990e-02 4.456520e-02
9.290000e+01 9.752702e-01 4.343290e-02 4.453422e-02
9.300000e+01 9.753425e-01 4.340593e-02 4.450327e-02
9.310000e+01 9.754151e-01 4.337899e-02 4.447234e-02
9.320000e+01 9.754880e-01 4.335209e-02 4.444144e-02
9.330000e+01 9.755612e-01 4.332522e-02 4.441056e-02
9.340000e+01 9.756340e-01 4.329838e-02 4.437974e-02
9.350000e+01 9.757062e-01 4.327158e-02 4.434899e-02
9.360000e+01 9.757786e-01 4.324482e-02 4.431827e-02
9.370000e+01 9.758513e-01 4.321809e-02 4.428757e-02
9.380000e+01 9.759243e-01 4.319139e-02 4.425690e-02
9.390000e+01 9.759976e-01 4.316472e-02 4.422626e-02
9.400000e+01 9.760711e-01 4.313809e-02 4.419565e-02
9.410000e+01 9.761447e-01 4.311150e-02 4.416507e-02
9.420000e+01 9.762174e-01 4.308494e-02 4.413457e-02
9.430000e+01 9.762904e-01 4.305841e-02 4.410410e-02
9.440000e+01 9.763637e-01 4.303191e-02 4.407365e-02
9.450000e+01 9.764373e-01 4.300545e-02 4.404323e-02
9.460000e+01 9.765112e-01 4.297902e-02 4.401283e-02
9.470000e+01 9.765854e-01 4.295263e-02 4.398247e-02
9.480000e+01 9.766598e-01 4.292627e-02 4.395212e-02
9.490000e+01 9.767331e-01 4.289995e-02 4.392187e-02
9.500000e+01 9.768067e-01 4.287365e-02 4.389164e-02
9.510000e+01 9.768806e-01 4.284739e-02 4.386144e-02
9.520000e+01 9.769548e-01 4.282117e-02 4.383127e-02
9.530000e+01 9.770292e-01 4.279498e-02 4.380112e-02
9.540000e+01 9.771039e-01 4.276882e-02 4.377100e-02
9.550000e+01 9.771789e-01 4.274269e-02 4.374091e-02
9.560000e+01 9.772530e-01 4.271660e-02 4.371089e-02
9.570000e+01 9.773272e-01 4.269054e-02 4.368091e-02
9.580000e+01 9.774016e-01 4.266452e-02 4.365096e-02
9.590000e+01 9.774763e-01 4.263853e-02 4.362104e-02
9.600000e+01 9.775512e-01 4.261257e-02 4.359114e-02
9.610000e+01 9.776262e-01 4.258664e-02 4.356127e-02
9.620000e+01 9.777015e-01 4.256075e-02 4.353143e-02
9.630000e+01 9.777761e-01 4.253489e-02 4.350167e-02
9.640000e+01 9.778505e-01 4.250906e-02 4.347194e-02
9.650000e+01 9.779253e-01 4.248327e-02 4.344225e-02
9.660000e+01 9.780003e-01 4.245751e-02 4.341257e-02
9.670000e+01 9.780755e-01 4.243178e-02 4.338293e-02
9.680000e+01 9.781511e-01 4.240609e-02 4.335331e-02
9.690000e+01 9.782269e-01 4.238042e-02 4.332372e-02
9.700000e+01 9.783019e-01 4.235479e-02 4.329419e-02
9.710000e+01 9.783769e-01 4.232920e-02 4.326472e-02
9.720000e+01 9.784521e-01 4.230363e-02 4.323526e-02
9.730000e+01 9.785275e-01 4.227810e-02 4.320584e-02
9.740000e+01 9.786032e-01 4.225260e-02 4.317644e-02
9.750000e+01 9.786792e-01 4.222714e-02 4.314707e-02
9.760000e+01 9.787554e-01 4.220170e-02 4.311772e-02
9.770000e+01 9.788309e-01 4.217630e-02 4.308845e-02
9.780000e+01 9.789062e-01 4.215094e-02 4.305922e-02
9.790000e+01 9.789818e-01 4.212560e-02 4.303001e-02
9.800000e+01 9.790577e-01 4.210030e-02 4.300083e-02
9.810000e+01 9.791338e-01 4.207503e-02 4.297168e-02
9.820000e+01 9.792102e-01 4.204979e-02 4.294256e-02
9.830000e+01 9.792868e-01 4.202458e-02 4.291346e-02
9.840000e+01 9.793625e-01 4.199941e-02 4.288444e-02
9.850000e+01 9.794382e-01 4.197427e-02 4.285545e-02
9.860000e+01 9.795142e-01 4.194916e-02 4.282649e-02
9.870000e+01 9.795905e-01 4.192408e-02 4.279756e-02
9.880000e+01 9.796670e-01 4.189904e-02 4.276866e-02
9.890000e+01 9.797437e-01 4.187403e-02 4.273978e-02
9.900000e+01 9.798206e-01 4.184905e-02 4.271093e-02
9.910000e+01 9.798965e-01 4.182410e-02 4.268216e-02
9.920000e+01 9.799726e-01 4.179919e-02 4.265343e-02
9.930000e+01 9.800489e-01 4.177430e-02 4.262471e-02
9.940000e+01 9.801255e-01 4.174945e-02 4.259603e-02
9.950000e+01 9.802023e-01 4.172463e-02 4.256737e-02
9.960000e+01 9.802794e-01 4.169985e-02 4.253874e-02
9.970000e+01 9.803563e-01 4.167509e-02 4.251015e-02
9.980000e+01 9.804325e-01 4.165037e-02 4.248163e-02
9.990000e+01 9.805088e-01 4.162567e-02 4.245313e-02
1.000000e+02 9.805854e-01 4.160101e-02 4.242467e-02
