# # chi(t) for Pe = 800, beta = 0.1, bridge_width = 1.0
# # Columns: time, chi, I_T (signed), I_|T| (unsigned)
0.000000e+00 1.000000e+00 7.671023e-02 7.671023e-02
1.000000e-01 9.998437e-01 7.975719e-02 7.976966e-02
2.000000e-01 9.999096e-01 8.007160e-02 8.007884e-02
3.000000e-01 9.999898e-01 8.006709e-02 8.006791e-02
4.000000e-01 1.000000e+00 8.007347e-02 8.007347e-02
5.000000e-01 1.000000e+00 7.993160e-02 7.993160e-02
6.000000e-01 1.000000e+00 8.007067e-02 8.007067e-02
7.000000e-01 1.000000e+00 8.008020e-02 8.008020e-02
8.000000e-01 1.000000e+00 8.008917e-02 8.008917e-02
9.000000e-01 1.000000e+00 8.009774e-02 8.009774e-02
1.000000e+00 9.999998e-01 8.010608e-02 8.010610e-02
1.100000e+00 9.999981e-01 8.011437e-02 8.011452e-02
1.200000e+00 9.999933e-01 8.012279e-02 8.012333e-02
1.300000e+00 9.999832e-01 8.013147e-02 8.013281e-02
1.400000e+00 9.999660e-01 8.014050e-02 8.014322e-02
1.500000e+00 9.999411e-01 8.014996e-02 8.015469e-02
1.600000e+00 9.999098e-01 8.015987e-02 8.016710e-02
1.700000e+00 9.998760e-01 8.017021e-02 8.018016e-02
1.800000e+00 9.998439e-01 8.018096e-02 8.019348e-02
1.900000e+00 9.998173e-01 8.019206e-02 8.020671e-02
2.000000e+00 9.997983e-01 8.020343e-02 8.021961e-02
2.100000e+00 9.997875e-01 8.021500e-02 8.023204e-02
2.200000e+00 9.997851e-01 8.022667e-02 8.024392e-02
2.300000e+00 9.997902e-01 8.023837e-02 8.025521e-02
2.400000e+00 9.998018e-01 8.024999e-02 8.026590e-02
2.500000e+00 9.998186e-01 8.026145e-02 8.027602e-02
2.600000e+00 9.998393e-01 8.027267e-02 8.028557e-02
2.700000e+00 9.998626e-01 8.028356e-02 8.029459e-02
2.800000e+00 9.998871e-01 8.029405e-02 8.030311e-02
2.900000e+00 9.999117e-01 8.030406e-02 8.031115e-02
3.000000e+00 9.999352e-01 8.031353e-02 8.031874e-02
3.100000e+00 9.999564e-01 8.032241e-02 8.032591e-02
3.200000e+00 9.999743e-01 8.033063e-02 8.033270e-02
3.300000e+00 9.999880e-01 8.033815e-02 8.033911e-02
3.400000e+00 9.999968e-01 8.034492e-02 8.034518e-02
3.500000e+00 1.000000e+00 8.035091e-02 8.035091e-02
3.600000e+00 9.995526e-01 8.035609e-02 8.039206e-02
3.700000e+00 9.987964e-01 8.036041e-02 8.045725e-02
3.800000e+00 9.978304e-01 8.036387e-02 8.053861e-02
3.900000e+00 9.967450e-01 8.036643e-02 8.062888e-02
4.000000e+00 9.955727e-01 8.036809e-02 8.072548e-02
4.100000e+00 9.943395e-01 8.036882e-02 8.082634e-02
4.200000e+00 9.930660e-01 8.036862e-02 8.092979e-02
4.300000e+00 9.917137e-01 8.036748e-02 8.103899e-02
4.400000e+00 9.903203e-01 8.036539e-02 8.115090e-02
4.500000e+00 9.889231e-01 8.036235e-02 8.126248e-02
4.600000e+00 9.875147e-01 8.035836e-02 8.137434e-02
4.700000e+00 9.860438e-01 8.035342e-02 8.149072e-02
4.800000e+00 9.845928e-01 8.034754e-02 8.160484e-02
4.900000e+00 9.831546e-01 8.034071e-02 8.171727e-02
5.000000e+00 9.816618e-01 8.033294e-02 8.183362e-02
5.100000e+00 9.802040e-01 8.032425e-02 8.194646e-02
5.200000e+00 9.787543e-01 8.031464e-02 8.205802e-02
5.300000e+00 9.772769e-01 8.030411e-02 8.217130e-02
5.400000e+00 9.758436e-01 8.029269e-02 8.228028e-02
5.500000e+00 9.743948e-01 8.028037e-02 8.238998e-02
5.600000e+00 9.729571e-01 8.026717e-02 8.249816e-02
5.700000e+00 9.715642e-01 8.025311e-02 8.260196e-02
5.800000e+00 9.701294e-01 8.023819e-02 8.270874e-02
5.900000e+00 9.687471e-01 8.022243e-02 8.281050e-02
6.000000e+00 9.673637e-01 8.020584e-02 8.291177e-02
6.100000e+00 9.659923e-01 8.018843e-02 8.301146e-02
6.200000e+00 9.646617e-01 8.017023e-02 8.310709e-02
6.300000e+00 9.633055e-01 8.015123e-02 8.320438e-02
6.400000e+00 9.620043e-01 8.013147e-02 8.329638e-02
6.500000e+00 9.606867e-01 8.011095e-02 8.338926e-02
6.600000e+00 9.594046e-01 8.008968e-02 8.347853e-02
6.700000e+00 9.581355e-01 8.006769e-02 8.356615e-02
6.800000e+00 9.568747e-01 8.004499e-02 8.365253e-02
6.900000e+00 9.556510e-01 8.002158e-02 8.373515e-02
7.000000e+00 9.544132e-01 7.999750e-02 8.381852e-02
7.100000e+00 9.532297e-01 7.997274e-02 8.389661e-02
7.200000e+00 9.520185e-01 7.994733e-02 8.397665e-02
7.300000e+00 9.508590e-01 7.992128e-02 8.405166e-02
7.400000e+00 9.496889e-01 7.989460e-02 8.412712e-02
7.500000e+00 9.485541e-01 7.986731e-02 8.419900e-02
7.600000e+00 9.474226e-01 7.983941e-02 8.427012e-02
7.700000e+00 9.463130e-01 7.981094e-02 8.433884e-02
7.800000e+00 9.452176e-01 7.978189e-02 8.440584e-02
7.900000e+00 9.441335e-01 7.975228e-02 8.447140e-02
8.000000e+00 9.430564e-01 7.972212e-02 8.453590e-02
8.100000e+00 9.419766e-01 7.969143e-02 8.460023e-02
8.200000e+00 9.409257e-01 7.966022e-02 8.466154e-02
8.300000e+00 9.398722e-01 7.962850e-02 8.472269e-02
8.400000e+00 9.388518e-01 7.959629e-02 8.478045e-02
8.500000e+00 9.378245e-01 7.956359e-02 8.483846e-02
8.600000e+00 9.368328e-01 7.953041e-02 8.489285e-02
8.700000e+00 9.358316e-01 7.949678e-02 8.494774e-02
8.800000e+00 9.348669e-01 7.946270e-02 8.499894e-02
8.900000e+00 9.338915e-01 7.942818e-02 8.505075e-02
9.000000e+00 9.329523e-01 7.939323e-02 8.509891e-02
9.100000e+00 9.320024e-01 7.935787e-02 8.514771e-02
9.200000e+00 9.310873e-01 7.932210e-02 8.519298e-02
9.300000e+00 9.301626e-01 7.928594e-02 8.523880e-02
9.400000e+00 9.292702e-01 7.924940e-02 8.528133e-02
9.500000e+00 9.283702e-01 7.921248e-02 8.532424e-02
9.600000e+00 9.274993e-01 7.917521e-02 8.536417e-02
9.700000e+00 9.266237e-01 7.913758e-02 8.540422e-02
9.800000e+00 9.257731e-01 7.909960e-02 8.544167e-02
9.900000e+00 9.249214e-01 7.906129e-02 8.547893e-02
1.000000e+01 9.240901e-01 7.902266e-02 8.551402e-02
1.010000e+01 9.232619e-01 7.898371e-02 8.554855e-02
1.020000e+01 9.224488e-01 7.894446e-02 8.558140e-02
1.030000e+01 9.216435e-01 7.890490e-02 8.561325e-02
1.040000e+01 9.208477e-01 7.886506e-02 8.564397e-02
1.050000e+01 9.200517e-01 7.882493e-02 8.567446e-02
1.060000e+01 9.192559e-01 7.878454e-02 8.570469e-02
1.070000e+01 9.184791e-01 7.874387e-02 8.573290e-02
1.080000e+01 9.176994e-01 7.870295e-02 8.576114e-02
1.090000e+01 9.169448e-01 7.866179e-02 8.578683e-02
1.100000e+01 9.161806e-01 7.862038e-02 8.581319e-02
1.110000e+01 9.154467e-01 7.857873e-02 8.583649e-02
1.120000e+01 9.146981e-01 7.853686e-02 8.586096e-02
1.130000e+01 9.139779e-01 7.849477e-02 8.588257e-02
1.140000e+01 9.132508e-01 7.845246e-02 8.590462e-02
1.150000e+01 9.125436e-01 7.840995e-02 8.592460e-02
1.160000e+01 9.118375e-01 7.836723e-02 8.594429e-02
1.170000e+01 9.111428e-01 7.832432e-02 8.596273e-02
1.180000e+01 9.104574e-01 7.828123e-02 8.598011e-02
1.190000e+01 9.097745e-01 7.823795e-02 8.599708e-02
1.200000e+01 9.091092e-01 7.819450e-02 8.601222e-02
1.210000e+01 9.084378e-01 7.815087e-02 8.602777e-02
1.220000e+01 9.077912e-01 7.810709e-02 8.604081e-02
1.230000e+01 9.071316e-01 7.806314e-02 8.605493e-02
1.240000e+01 9.064952e-01 7.801905e-02 8.606670e-02
1.250000e+01 9.058552e-01 7.797481e-02 8.607867e-02
1.260000e+01 9.052285e-01 7.793042e-02 8.608923e-02
1.270000e+01 9.046076e-01 7.788591e-02 8.609911e-02
1.280000e+01 9.039903e-01 7.784126e-02 8.610851e-02
1.290000e+01 9.033880e-01 7.779648e-02 8.611636e-02
1.300000e+01 9.027789e-01 7.775159e-02 8.612473e-02
1.310000e+01 9.021793e-01 7.770658e-02 8.613209e-02
1.320000e+01 9.015701e-01 7.766146e-02 8.614023e-02
1.330000e+01 9.009790e-01 7.761624e-02 8.614655e-02
1.340000e+01 9.003883e-01 7.757091e-02 8.615272e-02
1.350000e+01 8.998054e-01 7.752548e-02 8.615805e-02
1.360000e+01 8.992328e-01 7.747996e-02 8.616229e-02
1.370000e+01 8.986578e-01 7.743436e-02 8.616668e-02
1.380000e+01 8.981020e-01 7.738866e-02 8.616912e-02
1.390000e+01 8.975354e-01 7.734289e-02 8.617252e-02
1.400000e+01 8.969868e-01 7.729704e-02 8.617411e-02
1.410000e+01 8.964378e-01 7.725112e-02 8.617566e-02
1.420000e+01 8.958960e-01 7.720512e-02 8.617643e-02
1.430000e+01 8.953641e-01 7.715907e-02 8.617619e-02
1.440000e+01 8.948291e-01 7.711295e-02 8.617617e-02
1.450000e+01 8.943114e-01 7.706677e-02 8.617442e-02
1.460000e+01 8.937853e-01 7.702053e-02 8.617341e-02
1.470000e+01 8.932737e-01 7.697425e-02 8.617095e-02
1.480000e+01 8.927642e-01 7.692791e-02 8.616823e-02
1.490000e+01 8.922585e-01 7.688153e-02 8.616508e-02
1.500000e+01 8.917653e-01 7.683511e-02 8.616069e-02
1.510000e+01 8.912653e-01 7.678865e-02 8.615689e-02
1.520000e+01 8.907811e-01 7.674215e-02 8.615153e-02
1.530000e+01 8.902935e-01 7.669562e-02 8.614645e-02
1.540000e+01 8.898145e-01 7.664906e-02 8.614050e-02
1.550000e+01 8.893426e-01 7.660248e-02 8.613382e-02
1.560000e+01 8.888687e-01 7.655587e-02 8.612731e-02
1.570000e+01 8.884050e-01 7.650924e-02 8.611977e-02
1.580000e+01 8.879288e-01 7.646259e-02 8.611343e-02
1.590000e+01 8.874644e-01 7.641593e-02 8.610592e-02
1.600000e+01 8.870037e-01 7.636926e-02 8.609802e-02
1.610000e+01 8.865440e-01 7.632258e-02 8.609000e-02
1.620000e+01 8.860982e-01 7.627589e-02 8.608062e-02
1.630000e+01 8.856435e-01 7.622919e-02 8.607210e-02
1.640000e+01 8.852020e-01 7.618249e-02 8.606226e-02
1.650000e+01 8.847623e-01 7.613579e-02 8.605226e-02
1.660000e+01 8.843251e-01 7.608910e-02 8.604199e-02
1.670000e+01 8.839001e-01 7.604240e-02 8.603055e-02
1.680000e+01 8.834671e-01 7.599572e-02 8.601986e-02
1.690000e+01 8.830469e-01 7.594904e-02 8.600794e-02
1.700000e+01 8.826275e-01 7.590238e-02 8.599593e-02
1.710000e+01 8.822111e-01 7.585572e-02 8.598364e-02
1.720000e+01 8.818060e-01 7.580909e-02 8.597026e-02
1.730000e+01 8.813934e-01 7.576247e-02 8.595761e-02
1.740000e+01 8.809927e-01 7.571587e-02 8.594380e-02
1.750000e+01 8.805932e-01 7.566929e-02 8.592990e-02
1.760000e+01 8.801961e-01 7.562273e-02 8.591578e-02
1.770000e+01 8.798104e-01 7.557620e-02 8.590055e-02
1.780000e+01 8.794166e-01 7.552969e-02 8.588613e-02
1.790000e+01 8.790342e-01 7.548321e-02 8.587063e-02
1.800000e+01 8.786540e-01 7.543676e-02 8.585492e-02
1.810000e+01 8.782747e-01 7.539035e-02 8.583915e-02
1.820000e+01 8.779062e-01 7.534396e-02 8.582234e-02
1.830000e+01 8.775316e-01 7.529761e-02 8.580615e-02
1.840000e+01 8.771626e-01 7.525130e-02 8.578945e-02
1.850000e+01 8.767931e-01 7.520502e-02 8.577283e-02
1.860000e+01 8.764222e-01 7.515878e-02 8.575636e-02
1.870000e+01 8.760618e-01 7.511258e-02 8.573891e-02
1.880000e+01 8.756980e-01 7.506643e-02 8.572182e-02
1.890000e+01 8.753403e-01 7.502031e-02 8.570416e-02
1.900000e+01 8.749895e-01 7.497424e-02 8.568588e-02
1.910000e+01 8.746347e-01 7.492822e-02 8.566802e-02
1.920000e+01 8.742897e-01 7.488224e-02 8.564923e-02
1.930000e+01 8.739445e-01 7.483631e-02 8.563051e-02
1.940000e+01 8.736021e-01 7.479043e-02 8.561156e-02
1.950000e+01 8.732692e-01 7.474461e-02 8.559171e-02
1.960000e+01 8.729296e-01 7.469883e-02 8.557257e-02
1.970000e+01 8.725991e-01 7.465311e-02 8.555258e-02
1.980000e+01 8.722721e-01 7.460745e-02 8.553231e-02
1.990000e+01 8.719439e-01 7.456184e-02 8.551219e-02
2.000000e+01 8.716248e-01 7.451628e-02 8.549123e-02
2.010000e+01 8.713033e-01 7.447079e-02 8.547057e-02
2.020000e+01 8.709863e-01 7.442535e-02 8.544950e-02
2.030000e+01 8.706769e-01 7.437997e-02 8.542776e-02
2.040000e+01 8.703621e-01 7.433466e-02 8.540659e-02
2.050000e+01 8.700560e-01 7.428940e-02 8.538462e-02
2.060000e+01 8.697519e-01 7.424421e-02 8.536252e-02
2.070000e+01 8.694477e-01 7.419908e-02 8.534047e-02
2.080000e+01 8.691519e-01 7.415402e-02 8.531767e-02
2.090000e+01 8.688532e-01 7.410902e-02 8.529521e-02
2.100000e+01 8.685593e-01 7.406408e-02 8.527234e-02
2.110000e+01 8.682688e-01 7.401921e-02 8.524919e-02
2.120000e+01 8.679697e-01 7.397441e-02 8.522695e-02
2.130000e+01 8.676786e-01 7.392968e-02 8.520399e-02
2.140000e+01 8.673898e-01 7.388501e-02 8.518086e-02
2.150000e+01 8.671006e-01 7.384042e-02 8.515785e-02
2.160000e+01 8.668191e-01 7.379589e-02 8.513413e-02
2.170000e+01 8.665358e-01 7.375144e-02 8.511067e-02
2.180000e+01 8.662560e-01 7.370705e-02 8.508692e-02
2.190000e+01 8.659838e-01 7.366274e-02 8.506249e-02
2.200000e+01 8.657059e-01 7.361850e-02 8.503870e-02
2.210000e+01 8.654353e-01 7.357433e-02 8.501425e-02
2.220000e+01 8.651685e-01 7.353024e-02 8.498950e-02
2.230000e+01 8.648995e-01 7.348622e-02 8.496504e-02
2.240000e+01 8.646376e-01 7.344228e-02 8.493995e-02
2.250000e+01 8.643761e-01 7.339841e-02 8.491490e-02
2.260000e+01 8.641158e-01 7.335462e-02 8.488980e-02
2.270000e+01 8.638624e-01 7.331090e-02 8.486409e-02
2.280000e+01 8.636062e-01 7.326726e-02 8.483874e-02
2.290000e+01 8.633542e-01 7.322370e-02 8.481305e-02
2.300000e+01 8.631086e-01 7.318022e-02 8.478681e-02
2.310000e+01 8.628579e-01 7.313682e-02 8.476113e-02
2.320000e+01 8.626140e-01 7.309349e-02 8.473487e-02
2.330000e+01 8.623735e-01 7.305025e-02 8.470836e-02
2.340000e+01 8.621309e-01 7.300709e-02 8.468214e-02
2.350000e+01 8.618947e-01 7.296400e-02 8.465535e-02
2.360000e+01 8.616592e-01 7.292100e-02 8.462858e-02
2.370000e+01 8.614243e-01 7.287808e-02 8.460184e-02
2.380000e+01 8.611901e-01 7.283524e-02 8.457510e-02
2.390000e+01 8.609535e-01 7.279249e-02 8.454868e-02
2.400000e+01 8.607199e-01 7.274981e-02 8.452205e-02
2.410000e+01 8.604926e-01 7.270722e-02 8.449489e-02
2.420000e+01 8.602611e-01 7.266472e-02 8.446821e-02
2.430000e+01 8.600348e-01 7.262229e-02 8.444111e-02
2.440000e+01 8.598134e-01 7.257995e-02 8.441361e-02
2.450000e+01 8.595882e-01 7.253770e-02 8.438657e-02
2.460000e+01 8.593690e-01 7.249553e-02 8.435902e-02
2.470000e+01 8.591526e-01 7.245344e-02 8.433129e-02
2.480000e+01 8.589344e-01 7.241144e-02 8.430382e-02
2.490000e+01 8.587220e-01 7.236953e-02 8.427586e-02
2.500000e+01 8.585105e-01 7.232770e-02 8.424789e-02
2.510000e+01 8.582991e-01 7.228596e-02 8.422001e-02
2.520000e+01 8.580933e-01 7.224430e-02 8.419166e-02
2.530000e+01 8.578868e-01 7.220273e-02 8.416348e-02
2.540000e+01 8.576818e-01 7.216125e-02 8.413522e-02
2.550000e+01 8.574825e-01 7.211985e-02 8.410650e-02
2.560000e+01 8.572808e-01 7.207854e-02 8.407810e-02
2.570000e+01 8.570822e-01 7.203732e-02 8.404948e-02
2.580000e+01 8.568890e-01 7.199618e-02 8.402042e-02
2.590000e+01 8.566922e-01 7.195513e-02 8.399181e-02
2.600000e+01 8.564997e-01 7.191417e-02 8.396286e-02
2.610000e+01 8.563122e-01 7.187329e-02 8.393351e-02
2.620000e+01 8.561205e-01 7.183250e-02 8.390467e-02
2.630000e+01 8.559340e-01 7.179180e-02 8.387540e-02
2.640000e+01 8.557467e-01 7.175119e-02 8.384630e-02
2.650000e+01 8.555553e-01 7.171067e-02 8.381768e-02
2.660000e+01 8.553692e-01 7.167023e-02 8.378865e-02
2.670000e+01 8.551856e-01 7.162988e-02 8.375946e-02
2.680000e+01 8.550001e-01 7.158962e-02 8.373054e-02
2.690000e+01 8.548196e-01 7.154945e-02 8.370123e-02
2.700000e+01 8.546407e-01 7.150936e-02 8.367185e-02
2.710000e+01 8.544608e-01 7.146937e-02 8.364266e-02
2.720000e+01 8.542858e-01 7.142946e-02 8.361308e-02
2.730000e+01 8.541116e-01 7.138965e-02 8.358352e-02
2.740000e+01 8.539371e-01 7.134992e-02 8.355407e-02
2.750000e+01 8.537675e-01 7.131028e-02 8.352424e-02
2.760000e+01 8.535979e-01 7.127073e-02 8.349451e-02
2.770000e+01 8.534287e-01 7.123127e-02 8.346482e-02
2.780000e+01 8.532642e-01 7.119190e-02 8.343477e-02
2.790000e+01 8.530991e-01 7.115262e-02 8.340487e-02
2.800000e+01 8.529351e-01 7.111343e-02 8.337496e-02
2.810000e+01 8.527756e-01 7.107432e-02 8.334470e-02
2.820000e+01 8.526150e-01 7.103530e-02 8.331463e-02
2.830000e+01 8.524559e-01 7.099638e-02 8.328451e-02
2.840000e+01 8.523013e-01 7.095754e-02 8.325405e-02
2.850000e+01 8.521452e-01 7.091878e-02 8.322383e-02
2.860000e+01 8.519909e-01 7.088012e-02 8.319352e-02
2.870000e+01 8.518410e-01 7.084155e-02 8.316288e-02
2.880000e+01 8.516893e-01 7.080306e-02 8.313250e-02
2.890000e+01 8.515385e-01 7.076466e-02 8.310213e-02
2.900000e+01 8.513882e-01 7.072635e-02 8.307181e-02
2.910000e+01 8.512360e-01 7.068813e-02 8.304176e-02
2.920000e+01 8.510860e-01 7.065000e-02 8.301158e-02
2.930000e+01 8.509402e-01 7.061195e-02 8.298110e-02
2.940000e+01 8.507924e-01 7.057399e-02 8.295089e-02
2.950000e+01 8.506470e-01 7.053612e-02 8.292056e-02
2.960000e+01 8.505056e-01 7.049834e-02 8.288992e-02
2.970000e+01 8.503622e-01 7.046064e-02 8.285956e-02
2.980000e+01 8.502211e-01 7.042303e-02 8.282908e-02
2.990000e+01 8.500839e-01 7.038550e-02 8.279830e-02
3.000000e+01 8.499449e-01 7.034807e-02 8.276780e-02
3.010000e+01 8.498080e-01 7.031072e-02 8.273718e-02
3.020000e+01 8.496750e-01 7.027345e-02 8.270628e-02
3.030000e+01 8.495402e-01 7.023628e-02 8.267564e-02
3.040000e+01 8.494074e-01 7.019919e-02 8.264490e-02
3.050000e+01 8.492784e-01 7.016218e-02 8.261387e-02
3.060000e+01 8.491479e-01 7.012526e-02 8.258310e-02
3.070000e+01 8.490190e-01 7.008843e-02 8.255225e-02
3.080000e+01 8.488940e-01 7.005169e-02 8.252113e-02
3.090000e+01 8.487676e-01 7.001503e-02 8.249022e-02
3.100000e+01 8.486426e-01 6.997845e-02 8.245927e-02
3.110000e+01 8.485213e-01 6.994197e-02 8.242806e-02
3.120000e+01 8.483990e-01 6.990556e-02 8.239703e-02
3.130000e+01 8.482778e-01 6.986925e-02 8.236599e-02
3.140000e+01 8.481596e-01 6.983301e-02 8.233476e-02
3.150000e+01 8.480368e-01 6.979687e-02 8.230405e-02
3.160000e+01 8.479148e-01 6.976081e-02 8.227337e-02
3.170000e+01 8.477963e-01 6.972483e-02 8.224243e-02
3.180000e+01 8.476776e-01 6.968894e-02 8.221160e-02
3.190000e+01 8.475592e-01 6.965313e-02 8.218084e-02
3.200000e+01 8.474443e-01 6.961740e-02 8.214983e-02
3.210000e+01 8.473297e-01 6.958176e-02 8.211888e-02
3.220000e+01 8.472148e-01 6.954620e-02 8.208804e-02
3.230000e+01 8.471033e-01 6.951073e-02 8.205697e-02
3.240000e+01 8.469927e-01 6.947534e-02 8.202590e-02
3.250000e+01 8.468812e-01 6.944003e-02 8.199500e-02
3.260000e+01 8.467731e-01 6.940480e-02 8.196388e-02
3.270000e+01 8.466665e-01 6.936966e-02 8.193269e-02
3.280000e+01 8.465583e-01 6.933460e-02 8.190174e-02
3.290000e+01 8.464534e-01 6.929962e-02 8.187057e-02
3.300000e+01 8.463507e-01 6.926473e-02 8.183928e-02
3.310000e+01 8.462458e-01 6.922991e-02 8.180828e-02
3.320000e+01 8.461441e-01 6.919518e-02 8.177707e-02
3.330000e+01 8.460452e-01 6.916053e-02 8.174567e-02
3.340000e+01 8.459434e-01 6.912596e-02 8.171464e-02
3.350000e+01 8.458448e-01 6.909147e-02 8.168339e-02
3.360000e+01 8.457492e-01 6.905706e-02 8.165194e-02
3.370000e+01 8.456510e-01 6.902274e-02 8.162083e-02
3.380000e+01 8.455553e-01 6.898849e-02 8.158956e-02
3.390000e+01 8.454607e-01 6.895432e-02 8.155828e-02
3.400000e+01 8.453621e-01 6.892023e-02 8.152747e-02
3.410000e+01 8.452652e-01 6.888622e-02 8.149657e-02
3.420000e+01 8.451714e-01 6.885229e-02 8.146547e-02
3.430000e+01 8.450766e-01 6.881843e-02 8.143455e-02
3.440000e+01 8.449826e-01 6.878466e-02 8.140364e-02
3.450000e+01 8.448916e-01 6.875096e-02 8.137252e-02
3.460000e+01 8.448006e-01 6.871734e-02 8.134149e-02
3.470000e+01 8.447094e-01 6.868380e-02 8.131056e-02
3.480000e+01 8.446212e-01 6.865033e-02 8.127944e-02
3.490000e+01 8.445339e-01 6.861695e-02 8.124830e-02
3.500000e+01 8.444455e-01 6.858364e-02 8.121736e-02
3.510000e+01 8.443599e-01 6.855040e-02 8.118623e-02
3.520000e+01 8.442763e-01 6.851724e-02 8.115500e-02
3.530000e+01 8.441905e-01 6.848416e-02 8.112405e-02
3.540000e+01 8.441076e-01 6.845115e-02 8.109292e-02
3.550000e+01 8.440274e-01 6.841822e-02 8.106161e-02
3.560000e+01 8.439444e-01 6.838536e-02 8.103065e-02
3.570000e+01 8.438640e-01 6.835258e-02 8.099953e-02
3.580000e+01 8.437863e-01 6.831988e-02 8.096823e-02
3.590000e+01 8.437069e-01 6.828724e-02 8.093716e-02
3.600000e+01 8.436289e-01 6.825469e-02 8.090605e-02
3.610000e+01 8.435536e-01 6.822220e-02 8.087476e-02
3.620000e+01 8.434778e-01 6.818979e-02 8.084361e-02
3.630000e+01 8.434015e-01 6.815745e-02 8.081258e-02
3.640000e+01 8.433247e-01 6.812519e-02 8.078168e-02
3.650000e+01 8.432486e-01 6.809299e-02 8.075079e-02
3.660000e+01 8.431716e-01 6.806087e-02 8.072007e-02
3.670000e+01 8.430972e-01 6.802882e-02 8.068918e-02
3.680000e+01 8.430246e-01 6.799684e-02 8.065819e-02
3.690000e+01 8.429500e-01 6.796493e-02 8.062748e-02
3.700000e+01 8.428778e-01 6.793309e-02 8.059661e-02
3.710000e+01 8.428081e-01 6.790132e-02 8.056558e-02
3.720000e+01 8.427364e-01 6.786963e-02 8.053483e-02
3.730000e+01 8.426664e-01 6.783800e-02 8.050398e-02
3.740000e+01 8.425989e-01 6.780644e-02 8.047297e-02
3.750000e+01 8.425306e-01 6.777495e-02 8.044211e-02
3.760000e+01 8.424629e-01 6.774352e-02 8.041129e-02
3.770000e+01 8.423975e-01 6.771217e-02 8.038030e-02
3.780000e+01 8.423326e-01 6.768088e-02 8.034935e-02
3.790000e+01 8.422670e-01 6.764966e-02 8.031855e-02
3.800000e+01 8.422037e-01 6.761851e-02 8.028759e-02
3.810000e+01 8.421422e-01 6.758742e-02 8.025654e-02
3.820000e+01 8.420786e-01 6.755640e-02 8.022576e-02
3.830000e+01 8.420173e-01 6.752544e-02 8.019484e-02
3.840000e+01 8.419584e-01 6.749455e-02 8.016377e-02
3.850000e+01 8.418976e-01 6.746373e-02 8.013294e-02
3.860000e+01 8.418383e-01 6.743297e-02 8.010205e-02
3.870000e+01 8.417803e-01 6.740227e-02 8.007110e-02
3.880000e+01 8.417194e-01 6.737164e-02 8.004050e-02
3.890000e+01 8.416584e-01 6.734107e-02 8.000998e-02
3.900000e+01 8.415997e-01 6.731057e-02 7.997931e-02
3.910000e+01 8.415421e-01 6.728013e-02 7.994862e-02
3.920000e+01 8.414830e-01 6.724975e-02 7.991812e-02
3.930000e+01 8.414262e-01 6.721943e-02 7.988749e-02
3.940000e+01 8.413716e-01 6.718917e-02 7.985672e-02
3.950000e+01 8.413147e-01 6.715898e-02 7.982623e-02
3.960000e+01 8.412597e-01 6.712885e-02 7.979563e-02
3.970000e+01 8.412068e-01 6.709877e-02 7.976490e-02
3.980000e+01 8.411532e-01 6.706876e-02 7.973430e-02
3.990000e+01 8.410999e-01 6.703881e-02 7.970374e-02
4.000000e+01 8.410488e-01 6.700892e-02 7.967305e-02
4.010000e+01 8.409984e-01 6.697909e-02 7.964235e-02
4.020000e+01 8.409469e-01 6.694932e-02 7.961183e-02
4.030000e+01 8.408974e-01 6.691960e-02 7.958117e-02
4.040000e+01 8.408500e-01 6.688995e-02 7.955040e-02
4.050000e+01 8.408003e-01 6.686035e-02 7.951989e-02
4.060000e+01 8.407525e-01 6.683081e-02 7.948928e-02
4.070000e+01 8.407066e-01 6.680132e-02 7.945854e-02
4.080000e+01 8.406602e-01 6.677190e-02 7.942793e-02
4.090000e+01 8.406139e-01 6.674253e-02 7.939736e-02
4.100000e+01 8.405696e-01 6.671321e-02 7.936667e-02
4.110000e+01 8.405244e-01 6.668395e-02 7.933614e-02
4.120000e+01 8.404763e-01 6.665475e-02 7.930593e-02
4.130000e+01 8.404302e-01 6.662560e-02 7.927559e-02
4.140000e+01 8.403861e-01 6.659651e-02 7.924513e-02
4.150000e+01 8.403402e-01 6.656747e-02 7.921490e-02
4.160000e+01 8.402957e-01 6.653848e-02 7.918460e-02
4.170000e+01 8.402530e-01 6.650955e-02 7.915419e-02
4.180000e+01 8.402103e-01 6.648067e-02 7.912384e-02
4.190000e+01 8.401672e-01 6.645184e-02 7.909359e-02
4.200000e+01 8.401260e-01 6.642306e-02 7.906322e-02
4.210000e+01 8.400864e-01 6.639434e-02 7.903275e-02
4.220000e+01 8.400447e-01 6.636567e-02 7.900254e-02
4.230000e+01 8.400049e-01 6.633704e-02 7.897221e-02
4.240000e+01 8.399669e-01 6.630847e-02 7.894177e-02
4.250000e+01 8.399281e-01 6.627995e-02 7.891146e-02
4.260000e+01 8.398896e-01 6.625148e-02 7.888118e-02
4.270000e+01 8.398530e-01 6.622306e-02 7.885078e-02
4.280000e+01 8.398172e-01 6.619469e-02 7.882035e-02
4.290000e+01 8.397800e-01 6.616636e-02 7.879011e-02
4.300000e+01 8.397447e-01 6.613809e-02 7.875976e-02
4.310000e+01 8.397111e-01 6.610986e-02 7.872930e-02
4.320000e+01 8.396761e-01 6.608168e-02 7.869902e-02
4.330000e+01 8.396419e-01 6.605355e-02 7.866871e-02
4.340000e+01 8.396090e-01 6.602546e-02 7.863834e-02
4.350000e+01 8.395739e-01 6.599742e-02 7.860823e-02
4.360000e+01 8.395379e-01 6.596942e-02 7.857825e-02
4.370000e+01 8.395037e-01 6.594147e-02 7.854816e-02
4.380000e+01 8.394711e-01 6.591356e-02 7.851796e-02
4.390000e+01 8.394368e-01 6.588570e-02 7.848798e-02
4.400000e+01 8.394038e-01 6.585788e-02 7.845793e-02
4.410000e+01 8.393724e-01 6.583011e-02 7.842777e-02
4.420000e+01 8.393411e-01 6.580238e-02 7.839766e-02
4.430000e+01 8.393093e-01 6.577469e-02 7.836765e-02
4.440000e+01 8.392790e-01 6.574705e-02 7.833753e-02
4.450000e+01 8.392504e-01 6.571944e-02 7.830731e-02
4.460000e+01 8.392200e-01 6.569188e-02 7.827731e-02
4.470000e+01 8.391909e-01 6.566436e-02 7.824723e-02
4.480000e+01 8.391633e-01 6.563688e-02 7.821705e-02
4.490000e+01 8.391358e-01 6.560944e-02 7.818691e-02
4.500000e+01 8.391078e-01 6.558204e-02 7.815687e-02
4.510000e+01 8.390813e-01 6.555468e-02 7.812673e-02
4.520000e+01 8.390564e-01 6.552736e-02 7.809649e-02
4.530000e+01 8.390297e-01 6.550008e-02 7.806646e-02
4.540000e+01 8.390043e-01 6.547284e-02 7.803636e-02
4.550000e+01 8.389804e-01 6.544564e-02 7.800615e-02
4.560000e+01 8.389566e-01 6.541847e-02 7.797599e-02
4.570000e+01 8.389322e-01 6.539134e-02 7.794592e-02
4.580000e+01 8.389064e-01 6.536425e-02 7.791602e-02
4.590000e+01 8.388821e-01 6.533719e-02 7.788603e-02
4.600000e+01 8.388562e-01 6.531017e-02 7.785622e-02
4.610000e+01 8.388314e-01 6.528319e-02 7.782635e-02
4.620000e+01 8.388081e-01 6.525624e-02 7.779639e-02
4.630000e+01 8.387851e-01 6.522932e-02 7.776643e-02
4.640000e+01 8.387612e-01 6.520244e-02 7.773660e-02
4.650000e+01 8.387388e-01 6.517560e-02 7.770667e-02
4.660000e+01 8.387179e-01 6.514879e-02 7.767664e-02
4.670000e+01 8.386958e-01 6.512201e-02 7.764675e-02
4.680000e+01 8.386743e-01 6.509526e-02 7.761685e-02
4.690000e+01 8.386543e-01 6.506854e-02 7.758685e-02
4.700000e+01 8.386351e-01 6.504186e-02 7.755681e-02
4.710000e+01 8.386145e-01 6.501521e-02 7.752693e-02
4.720000e+01 8.385953e-01 6.498859e-02 7.749696e-02
4.730000e+01 8.385775e-01 6.496200e-02 7.746690e-02
4.740000e+01 8.385591e-01 6.493544e-02 7.743692e-02
4.750000e+01 8.385408e-01 6.490891e-02 7.740698e-02
4.760000e+01 8.385238e-01 6.488240e-02 7.737694e-02
4.770000e+01 8.385082e-01 6.485593e-02 7.734681e-02
4.780000e+01 8.384907e-01 6.482949e-02 7.731689e-02
4.790000e+01 8.384745e-01 6.480307e-02 7.728687e-02
4.800000e+01 8.384597e-01 6.477668e-02 7.725677e-02
4.810000e+01 8.384422e-01 6.475032e-02 7.722693e-02
4.820000e+01 8.384241e-01 6.472399e-02 7.719720e-02
4.830000e+01 8.384073e-01 6.469768e-02 7.716737e-02
4.840000e+01 8.383918e-01 6.467140e-02 7.713744e-02
4.850000e+01 8.383752e-01 6.464514e-02 7.710765e-02
4.860000e+01 8.383592e-01 6.461891e-02 7.707784e-02
4.870000e+01 8.383444e-01 6.459270e-02 7.704793e-02
4.880000e+01 8.383306e-01 6.456652e-02 7.701797e-02
4.890000e+01 8.383153e-01 6.454036e-02 7.698817e-02
4.900000e+01 8.383012e-01 6.451423e-02 7.695829e-02
4.910000e+01 8.382885e-01 6.448812e-02 7.692831e-02
4.920000e+01 8.382756e-01 6.446203e-02 7.689837e-02
4.930000e+01 8.382622e-01 6.443596e-02 7.686850e-02
4.940000e+01 8.382501e-01 6.440992e-02 7.683854e-02
4.950000e+01 8.382392e-01 6.438389e-02 7.680850e-02
4.960000e+01 8.382272e-01 6.435789e-02 7.677857e-02
4.970000e+01 8.382157e-01 6.433191e-02 7.674863e-02
4.980000e+01 8.382055e-01 6.430595e-02 7.671860e-02
4.990000e+01 8.381962e-01 6.428001e-02 7.668850e-02
5.000000e+01 8.381854e-01 6.425409e-02 7.665857e-02
5.010000e+01 8.381757e-01 6.422819e-02 7.662855e-02
5.020000e+01 8.381672e-01 6.420231e-02 7.659845e-02
5.030000e+01 8.381584e-01 6.417645e-02 7.656839e-02
5.040000e+01 8.381468e-01 6.415060e-02 7.653863e-02
5.050000e+01 8.381363e-01 6.412477e-02 7.650877e-02
5.060000e+01 8.381270e-01 6.409896e-02 7.647882e-02
5.070000e+01 8.381170e-01 6.407317e-02 7.644896e-02
5.080000e+01 8.381070e-01 6.404740e-02 7.641911e-02
5.090000e+01 8.380983e-01 6.402164e-02 7.638918e-02
5.100000e+01 8.380907e-01 6.399589e-02 7.635915e-02
5.110000e+01 8.380816e-01 6.397017e-02 7.632928e-02
5.120000e+01 8.380734e-01 6.394445e-02 7.629935e-02
5.130000e+01 8.380663e-01 6.391876e-02 7.626933e-02
5.140000e+01 8.380600e-01 6.389307e-02 7.623926e-02
5.150000e+01 8.380523e-01 6.386740e-02 7.620933e-02
5.160000e+01 8.380457e-01 6.384175e-02 7.617932e-02
5.170000e+01 8.380402e-01 6.381610e-02 7.614922e-02
5.180000e+01 8.380348e-01 6.379047e-02 7.611913e-02
5.190000e+01 8.380287e-01 6.376486e-02 7.608911e-02
5.200000e+01 8.380237e-01 6.373925e-02 7.605901e-02
5.210000e+01 8.380197e-01 6.371366e-02 7.602883e-02
5.220000e+01 8.380153e-01 6.368808e-02 7.599871e-02
5.230000e+01 8.380107e-01 6.366251e-02 7.596861e-02
5.240000e+01 8.380072e-01 6.363695e-02 7.593842e-02
5.250000e+01 8.380048e-01 6.361140e-02 7.590815e-02
5.260000e+01 8.380001e-01 6.358586e-02 7.587811e-02
5.270000e+01 8.379946e-01 6.356033e-02 7.584814e-02
5.280000e+01 8.379901e-01 6.353481e-02 7.581809e-02
5.290000e+01 8.379867e-01 6.350930e-02 7.578795e-02
5.300000e+01 8.379817e-01 6.348379e-02 7.575797e-02
5.310000e+01 8.379777e-01 6.345830e-02 7.572791e-02
5.320000e+01 8.379747e-01 6.343281e-02 7.569777e-02
5.330000e+01 8.379724e-01 6.340733e-02 7.566756e-02
5.340000e+01 8.379688e-01 6.338186e-02 7.563750e-02
5.350000e+01 8.379662e-01 6.335640e-02 7.560734e-02
5.360000e+01 8.379646e-01 6.333094e-02 7.557711e-02
5.370000e+01 8.379633e-01 6.330549e-02 7.554685e-02
5.380000e+01 8.379611e-01 6.328004e-02 7.551668e-02
5.390000e+01 8.379598e-01 6.325460e-02 7.548643e-02
5.400000e+01 8.379596e-01 6.322916e-02 7.545610e-02
5.410000e+01 8.379593e-01 6.320373e-02 7.542578e-02
5.420000e+01 8.379584e-01 6.317830e-02 7.539551e-02
5.430000e+01 8.379585e-01 6.315288e-02 7.536517e-02
5.440000e+01 8.379595e-01 6.312746e-02 7.533474e-02
5.450000e+01 8.379603e-01 6.310205e-02 7.530434e-02
5.460000e+01 8.379607e-01 6.307663e-02 7.527398e-02
5.470000e+01 8.379620e-01 6.305122e-02 7.524354e-02
5.480000e+01 8.379642e-01 6.302582e-02 7.521301e-02
5.490000e+01 8.379638e-01 6.300041e-02 7.518273e-02
5.500000e+01 8.379631e-01 6.297501e-02 7.515248e-02
5.510000e+01 8.379634e-01 6.294961e-02 7.512215e-02
5.520000e+01 8.379645e-01 6.292420e-02 7.509173e-02
5.530000e+01 8.379651e-01 6.289880e-02 7.506136e-02
5.540000e+01 8.379656e-01 6.287340e-02 7.503101e-02
5.550000e+01 8.379670e-01 6.284800e-02 7.500057e-02
5.560000e+01 8.379694e-01 6.282260e-02 7.497005e-02
5.570000e+01 8.379710e-01 6.279720e-02 7.493959e-02
5.580000e+01 8.379727e-01 6.277180e-02 7.490912e-02
5.590000e+01 8.379753e-01 6.274640e-02 7.487858e-02
5.600000e+01 8.379787e-01 6.272100e-02 7.484796e-02
5.610000e+01 8.379814e-01 6.269559e-02 7.481740e-02
5.620000e+01 8.379842e-01 6.267018e-02 7.478683e-02
5.630000e+01 8.379879e-01 6.264477e-02 7.475618e-02
5.640000e+01 8.379925e-01 6.261936e-02 7.472545e-02
5.650000e+01 8.379963e-01 6.259395e-02 7.469478e-02
5.660000e+01 8.380001e-01 6.256853e-02 7.466411e-02
5.670000e+01 8.380049e-01 6.254311e-02 7.463335e-02
5.680000e+01 8.380105e-01 6.251769e-02 7.460251e-02
5.690000e+01 8.380154e-01 6.249226e-02 7.457173e-02
5.700000e+01 8.380203e-01 6.246683e-02 7.454095e-02
5.710000e+01 8.380248e-01 6.244139e-02 7.451019e-02
5.720000e+01 8.380292e-01 6.241595e-02 7.447944e-02
5.730000e+01 8.380331e-01 6.239050e-02 7.444874e-02
5.740000e+01 8.380368e-01 6.236505e-02 7.441804e-02
5.750000e+01 8.380414e-01 6.233959e-02 7.438725e-02
5.760000e+01 8.380468e-01 6.231413e-02 7.435639e-02
5.770000e+01 8.380517e-01 6.228866e-02 7.432556e-02
5.780000e+01 8.380565e-01 6.226318e-02 7.429474e-02
5.790000e+01 8.380620e-01 6.223770e-02 7.426384e-02
5.800000e+01 8.380684e-01 6.221221e-02 7.423286e-02
5.810000e+01 8.380745e-01 6.218671e-02 7.420189e-02
5.820000e+01 8.380802e-01 6.216120e-02 7.417095e-02
5.830000e+01 8.380866e-01 6.213569e-02 7.413994e-02
5.840000e+01 8.380939e-01 6.211017e-02 7.410884e-02
5.850000e+01 8.381012e-01 6.208464e-02 7.407774e-02
5.860000e+01 8.381078e-01 6.205910e-02 7.404668e-02
5.870000e+01 8.381152e-01 6.203355e-02 7.401555e-02
5.880000e+01 8.381233e-01 6.200800e-02 7.398434e-02
5.890000e+01 8.381318e-01 6.198243e-02 7.395309e-02
5.900000e+01 8.381392e-01 6.195685e-02 7.392191e-02
5.910000e+01 8.381474e-01 6.193127e-02 7.389066e-02
5.920000e+01 8.381564e-01 6.190567e-02 7.385933e-02
5.930000e+01 8.381655e-01 6.188007e-02 7.382798e-02
5.940000e+01 8.381717e-01 6.185445e-02 7.379687e-02
5.950000e+01 8.381787e-01 6.182882e-02 7.376568e-02
5.960000e+01 8.381864e-01 6.180318e-02 7.373442e-02
5.970000e+01 8.381948e-01 6.177753e-02 7.370307e-02
5.980000e+01 8.382021e-01 6.175187e-02 7.367181e-02
5.990000e+01 8.382099e-01 6.172620e-02 7.364050e-02
6.000000e+01 8.382184e-01 6.170051e-02 7.360911e-02
6.010000e+01 8.382277e-01 6.167482e-02 7.357764e-02
6.020000e+01 8.382362e-01 6.164911e-02 7.354622e-02
6.030000e+01 8.382448e-01 6.162338e-02 7.351479e-02
6.040000e+01 8.382540e-01 6.159765e-02 7.348327e-02
6.050000e+01 8.382640e-01 6.157190e-02 7.345168e-02
6.060000e+01 8.382738e-01 6.154614e-02 7.342009e-02
6.070000e+01 8.382831e-01 6.152036e-02 7.338852e-02
6.080000e+01 8.382931e-01 6.149457e-02 7.335688e-02
6.090000e+01 8.383038e-01 6.146877e-02 7.332516e-02
6.100000e+01 8.383149e-01 6.144295e-02 7.329340e-02
6.110000e+01 8.383249e-01 6.141712e-02 7.326171e-02
6.120000e+01 8.383356e-01 6.139127e-02 7.322995e-02
6.130000e+01 8.383470e-01 6.136541e-02 7.319810e-02
6.140000e+01 8.383591e-01 6.133954e-02 7.316618e-02
6.150000e+01 8.383699e-01 6.131365e-02 7.313436e-02
6.160000e+01 8.383792e-01 6.128774e-02 7.310265e-02
6.170000e+01 8.383893e-01 6.126182e-02 7.307085e-02
6.180000e+01 8.384000e-01 6.123588e-02 7.303898e-02
6.190000e+01 8.384102e-01 6.120993e-02 7.300714e-02
6.200000e+01 8.384203e-01 6.118396e-02 7.297529e-02
6.210000e+01 8.384310e-01 6.115798e-02 7.294337e-02
6.220000e+01 8.384424e-01 6.113198e-02 7.291137e-02
6.230000e+01 8.384539e-01 6.110596e-02 7.287933e-02
6.240000e+01 8.384645e-01 6.107993e-02 7.284736e-02
6.250000e+01 8.384759e-01 6.105388e-02 7.281530e-02
6.260000e+01 8.384879e-01 6.102781e-02 7.278318e-02
6.270000e+01 8.385005e-01 6.100173e-02 7.275097e-02
6.280000e+01 8.385120e-01 6.097562e-02 7.271885e-02
6.290000e+01 8.385239e-01 6.094951e-02 7.268666e-02
6.300000e+01 8.385365e-01 6.092337e-02 7.265441e-02
6.310000e+01 8.385497e-01 6.089722e-02 7.262208e-02
6.320000e+01 8.385625e-01 6.087105e-02 7.258975e-02
6.330000e+01 8.385750e-01 6.084486e-02 7.255744e-02
6.340000e+01 8.385881e-01 6.081865e-02 7.252505e-02
6.350000e+01 8.386019e-01 6.079242e-02 7.249259e-02
6.360000e+01 8.386161e-01 6.076618e-02 7.246007e-02
6.370000e+01 8.386291e-01 6.073992e-02 7.242763e-02
6.380000e+01 8.386408e-01 6.071364e-02 7.239528e-02
6.390000e+01 8.386532e-01 6.068734e-02 7.236285e-02
6.400000e+01 8.386661e-01 6.066102e-02 7.233036e-02
6.410000e+01 8.386785e-01 6.063468e-02 7.229788e-02
6.420000e+01 8.386908e-01 6.060832e-02 7.226540e-02
6.430000e+01 8.387036e-01 6.058195e-02 7.223285e-02
6.440000e+01 8.387171e-01 6.055555e-02 7.220022e-02
6.450000e+01 8.387309e-01 6.052914e-02 7.216753e-02
6.460000e+01 8.387436e-01 6.050270e-02 7.213492e-02
6.470000e+01 8.387570e-01 6.047625e-02 7.210223e-02
6.480000e+01 8.387709e-01 6.044978e-02 7.206947e-02
6.490000e+01 8.387854e-01 6.042328e-02 7.203664e-02
6.500000e+01 8.387994e-01 6.039677e-02 7.200383e-02
6.510000e+01 8.388132e-01 6.037023e-02 7.197101e-02
6.520000e+01 8.388276e-01 6.034368e-02 7.193812e-02
6.530000e+01 8.388426e-01 6.031711e-02 7.190516e-02
6.540000e+01 8.388579e-01 6.029051e-02 7.187213e-02
6.550000e+01 8.388722e-01 6.026390e-02 7.183918e-02
6.560000e+01 8.388871e-01 6.023726e-02 7.180616e-02
6.570000e+01 8.389025e-01 6.021060e-02 7.177307e-02
6.580000e+01 8.389184e-01 6.018393e-02 7.173991e-02
6.590000e+01 8.389340e-01 6.015723e-02 7.170675e-02
6.600000e+01 8.389474e-01 6.013051e-02 7.167376e-02
6.610000e+01 8.389614e-01 6.010377e-02 7.164069e-02
6.620000e+01 8.389759e-01 6.007701e-02 7.160755e-02
6.630000e+01 8.389910e-01 6.005023e-02 7.157435e-02
6.640000e+01 8.390050e-01 6.002343e-02 7.154120e-02
6.650000e+01 8.390194e-01 5.999660e-02 7.150800e-02
6.660000e+01 8.390343e-01 5.996976e-02 7.147474e-02
6.670000e+01 8.390498e-01 5.994289e-02 7.144140e-02
6.680000e+01 8.390653e-01 5.991600e-02 7.140802e-02
6.690000e+01 8.390801e-01 5.988909e-02 7.137470e-02
6.700000e+01 8.390954e-01 5.986216e-02 7.134130e-02
6.710000e+01 8.391113e-01 5.983520e-02 7.130783e-02
6.720000e+01 8.391276e-01 5.980823e-02 7.127429e-02
6.730000e+01 8.391436e-01 5.978123e-02 7.124077e-02
6.740000e+01 8.391592e-01 5.975421e-02 7.120724e-02
6.750000e+01 8.391754e-01 5.972717e-02 7.117364e-02
6.760000e+01 8.391921e-01 5.970011e-02 7.113998e-02
6.770000e+01 8.392093e-01 5.967302e-02 7.110624e-02
6.780000e+01 8.392256e-01 5.964592e-02 7.107256e-02
6.790000e+01 8.392422e-01 5.961879e-02 7.103884e-02
6.800000e+01 8.392592e-01 5.959164e-02 7.100504e-02
6.810000e+01 8.392765e-01 5.956446e-02 7.097120e-02
6.820000e+01 8.392926e-01 5.953727e-02 7.093744e-02
6.830000e+01 8.393077e-01 5.951005e-02 7.090374e-02
6.840000e+01 8.393233e-01 5.948281e-02 7.086996e-02
6.850000e+01 8.393394e-01 5.945555e-02 7.083613e-02
6.860000e+01 8.393560e-01 5.942827e-02 7.080222e-02
6.870000e+01 8.393725e-01 5.940096e-02 7.076829e-02
6.880000e+01 8.393884e-01 5.937363e-02 7.073439e-02
6.890000e+01 8.394049e-01 5.934628e-02 7.070043e-02
6.900000e+01 8.394217e-01 5.931891e-02 7.066639e-02
6.910000e+01 8.394391e-01 5.929151e-02 7.063230e-02
6.920000e+01 8.394562e-01 5.926410e-02 7.059820e-02
6.930000e+01 8.394729e-01 5.923666e-02 7.056411e-02
6.940000e+01 8.394901e-01 5.920919e-02 7.052995e-02
6.950000e+01 8.395077e-01 5.918171e-02 7.049573e-02
6.960000e+01 8.395259e-01 5.915420e-02 7.046144e-02
6.970000e+01 8.395435e-01 5.912668e-02 7.042717e-02
6.980000e+01 8.395610e-01 5.909912e-02 7.039289e-02
6.990000e+01 8.395789e-01 5.907155e-02 7.035855e-02
7.000000e+01 8.395973e-01 5.904396e-02 7.032414e-02
7.010000e+01 8.396162e-01 5.901634e-02 7.028966e-02
7.020000e+01 8.396344e-01 5.898870e-02 7.025522e-02
7.030000e+01 8.396520e-01 5.896103e-02 7.022080e-02
7.040000e+01 8.396689e-01 5.893335e-02 7.018641e-02
7.050000e+01 8.396863e-01 5.890564e-02 7.015196e-02
7.060000e+01 8.397042e-01 5.887791e-02 7.011744e-02
7.070000e+01 8.397213e-01 5.885016e-02 7.008296e-02
7.080000e+01 8.397386e-01 5.882239e-02 7.004845e-02
7.090000e+01 8.397562e-01 5.879459e-02 7.001388e-02
7.100000e+01 8.397743e-01 5.876677e-02 6.997924e-02
7.110000e+01 8.397929e-01 5.873893e-02 6.994454e-02
7.120000e+01 8.398107e-01 5.871107e-02 6.990988e-02
7.130000e+01 8.398286e-01 5.868318e-02 6.987519e-02
7.140000e+01 8.398469e-01 5.865527e-02 6.984043e-02
7.150000e+01 8.398657e-01 5.862734e-02 6.980562e-02
7.160000e+01 8.398849e-01 5.859939e-02 6.977074e-02
7.170000e+01 8.399034e-01 5.857142e-02 6.973590e-02
7.180000e+01 8.399220e-01 5.854342e-02 6.970102e-02
7.190000e+01 8.399410e-01 5.851540e-02 6.966609e-02
7.200000e+01 8.399604e-01 5.848736e-02 6.963110e-02
7.210000e+01 8.399802e-01 5.845930e-02 6.959605e-02
7.220000e+01 8.399995e-01 5.843122e-02 6.956102e-02
7.230000e+01 8.400187e-01 5.840311e-02 6.952597e-02
7.240000e+01 8.400383e-01 5.837499e-02 6.949087e-02
7.250000e+01 8.400572e-01 5.834684e-02 6.945579e-02
7.260000e+01 8.400760e-01 5.831867e-02 6.942070e-02
7.270000e+01 8.400944e-01 5.829047e-02 6.938562e-02
7.280000e+01 8.401125e-01 5.826226e-02 6.935054e-02
7.290000e+01 8.401311e-01 5.823402e-02 6.931540e-02
7.300000e+01 8.401501e-01 5.820577e-02 6.928020e-02
7.310000e+01 8.401695e-01 5.817749e-02 6.924495e-02
7.320000e+01 8.401887e-01 5.814919e-02 6.920968e-02
7.330000e+01 8.402074e-01 5.812087e-02 6.917443e-02
7.340000e+01 8.402266e-01 5.809253e-02 6.913912e-02
7.350000e+01 8.402461e-01 5.806416e-02 6.910375e-02
7.360000e+01 8.402661e-01 5.803578e-02 6.906833e-02
7.370000e+01 8.402862e-01 5.800737e-02 6.903288e-02
7.380000e+01 8.403055e-01 5.797895e-02 6.899746e-02
7.390000e+01 8.403252e-01 5.795050e-02 6.896199e-02
7.400000e+01 8.403454e-01 5.792203e-02 6.892646e-02
7.410000e+01 8.403659e-01 5.789354e-02 6.889088e-02
7.420000e+01 8.403868e-01 5.786503e-02 6.885524e-02
7.430000e+01 8.404068e-01 5.783650e-02 6.881965e-02
7.440000e+01 8.404270e-01 5.780795e-02 6.878402e-02
7.450000e+01 8.404477e-01 5.777938e-02 6.874833e-02
7.460000e+01 8.404687e-01 5.775078e-02 6.871260e-02
7.470000e+01 8.404885e-01 5.772217e-02 6.867693e-02
7.480000e+01 8.405078e-01 5.769354e-02 6.864129e-02
7.490000e+01 8.405270e-01 5.766489e-02 6.860563e-02
7.500000e+01 8.405466e-01 5.763621e-02 6.856992e-02
7.510000e+01 8.405666e-01 5.760752e-02 6.853415e-02
7.520000e+01 8.405869e-01 5.757881e-02 6.849834e-02
7.530000e+01 8.406073e-01 5.755007e-02 6.846250e-02
7.540000e+01 8.406270e-01 5.752132e-02 6.842669e-02
7.550000e+01 8.406471e-01 5.749255e-02 6.839082e-02
7.560000e+01 8.406676e-01 5.746376e-02 6.835491e-02
7.570000e+01 8.406884e-01 5.743495e-02 6.831895e-02
7.580000e+01 8.407096e-01 5.740611e-02 6.828293e-02
7.590000e+01 8.407300e-01 5.737726e-02 6.824696e-02
7.600000e+01 8.407506e-01 5.734840e-02 6.821095e-02
7.610000e+01 8.407716e-01 5.731951e-02 6.817489e-02
7.620000e+01 8.407929e-01 5.729060e-02 6.813878e-02
7.630000e+01 8.408146e-01 5.726168e-02 6.810262e-02
7.640000e+01 8.408361e-01 5.723273e-02 6.806646e-02
7.650000e+01 8.408571e-01 5.720377e-02 6.803031e-02
7.660000e+01 8.408786e-01 5.717479e-02 6.799411e-02
7.670000e+01 8.409004e-01 5.714579e-02 6.795786e-02
7.680000e+01 8.409218e-01 5.711677e-02 6.792162e-02
7.690000e+01 8.409427e-01 5.708773e-02 6.788540e-02
7.700000e+01 8.409629e-01 5.705868e-02 6.784923e-02
7.710000e+01 8.409832e-01 5.702961e-02 6.781301e-02
7.720000e+01 8.410040e-01 5.700052e-02 6.777675e-02
7.730000e+01 8.410250e-01 5.697141e-02 6.774045e-02
7.740000e+01 8.410465e-01 5.694229e-02 6.770409e-02
7.750000e+01 8.410678e-01 5.691314e-02 6.766772e-02
7.760000e+01 8.410887e-01 5.688398e-02 6.763138e-02
7.770000e+01 8.411099e-01 5.685481e-02 6.759498e-02
7.780000e+01 8.411314e-01 5.682561e-02 6.755854e-02
7.790000e+01 8.411533e-01 5.679640e-02 6.752206e-02
7.800000e+01 8.411755e-01 5.676717e-02 6.748553e-02
7.810000e+01 8.411972e-01 5.673793e-02 6.744902e-02
7.820000e+01 8.412188e-01 5.670866e-02 6.741250e-02
7.830000e+01 8.412408e-01 5.667939e-02 6.737593e-02
7.840000e+01 8.412632e-01 5.665009e-02 6.733932e-02
7.850000e+01 8.412858e-01 5.662078e-02 6.730267e-02
7.860000e+01 8.413088e-01 5.659145e-02 6.726597e-02
7.870000e+01 8.413309e-01 5.656211e-02 6.722932e-02
7.880000e+01 8.413533e-01 5.653275e-02 6.719264e-02
7.890000e+01 8.413760e-01 5.650337e-02 6.715591e-02
7.900000e+01 8.413976e-01 5.647398e-02 6.711925e-02
7.910000e+01 8.414195e-01 5.644457e-02 6.708255e-02
7.920000e+01 8.414414e-01 5.641515e-02 6.704584e-02
7.930000e+01 8.414628e-01 5.638571e-02 6.700915e-02
7.940000e+01 8.414845e-01 5.635626e-02 6.697243e-02
7.950000e+01 8.415065e-01 5.632679e-02 6.693565e-02
7.960000e+01 8.415288e-01 5.629730e-02 6.689884e-02
7.970000e+01 8.415515e-01 5.626780e-02 6.686199e-02
7.980000e+01 8.415739e-01 5.623829e-02 6.682514e-02
7.990000e+01 8.415960e-01 5.620876e-02 6.678829e-02
8.000000e+01 8.416184e-01 5.617922e-02 6.675141e-02
8.010000e+01 8.416412e-01 5.614966e-02 6.671449e-02
8.020000e+01 8.416643e-01 5.612009e-02 6.667753e-02
8.030000e+01 8.416876e-01 5.609051e-02 6.664053e-02
8.040000e+01 8.417106e-01 5.606091e-02 6.660354e-02
8.050000e+01 8.417335e-01 5.603130e-02 6.656655e-02
8.060000e+01 8.417566e-01 5.600167e-02 6.652953e-02
8.070000e+01 8.417801e-01 5.597203e-02 6.649246e-02
8.080000e+01 8.418038e-01 5.594238e-02 6.645536e-02
8.090000e+01 8.418279e-01 5.591271e-02 6.641822e-02
8.100000e+01 8.418515e-01 5.588303e-02 6.638110e-02
8.110000e+01 8.418741e-01 5.585334e-02 6.634405e-02
8.120000e+01 8.418965e-01 5.582363e-02 6.630700e-02
8.130000e+01 8.419192e-01 5.579391e-02 6.626991e-02
8.140000e+01 8.419422e-01 5.576418e-02 6.623279e-02
8.150000e+01 8.419655e-01 5.573444e-02 6.619563e-02
8.160000e+01 8.419884e-01 5.570468e-02 6.615849e-02
8.170000e+01 8.420112e-01 5.567491e-02 6.612135e-02
8.180000e+01 8.420343e-01 5.564513e-02 6.608417e-02
8.190000e+01 8.420577e-01 5.561534e-02 6.604695e-02
8.200000e+01 8.420814e-01 5.558554e-02 6.600970e-02
8.210000e+01 8.421054e-01 5.555572e-02 6.597241e-02
8.220000e+01 8.421290e-01 5.552590e-02 6.593514e-02
8.230000e+01 8.421525e-01 5.549606e-02 6.589787e-02
8.240000e+01 8.421763e-01 5.546621e-02 6.586057e-02
8.250000e+01 8.422003e-01 5.543635e-02 6.582323e-02
8.260000e+01 8.422247e-01 5.540648e-02 6.578586e-02
8.270000e+01 8.422494e-01 5.537660e-02 6.574845e-02
8.280000e+01 8.422738e-01 5.534670e-02 6.571106e-02
8.290000e+01 8.422980e-01 5.531680e-02 6.567367e-02
8.300000e+01 8.423224e-01 5.528689e-02 6.563625e-02
8.310000e+01 8.423472e-01 5.525696e-02 6.559880e-02
8.320000e+01 8.423716e-01 5.522703e-02 6.556136e-02
8.330000e+01 8.423955e-01 5.519708e-02 6.552395e-02
8.340000e+01 8.424195e-01 5.516713e-02 6.548653e-02
8.350000e+01 8.424428e-01 5.513717e-02 6.544915e-02
8.360000e+01 8.424665e-01 5.510719e-02 6.541173e-02
8.370000e+01 8.424905e-01 5.507721e-02 6.537428e-02
8.380000e+01 8.425148e-01 5.504722e-02 6.533680e-02
8.390000e+01 8.425393e-01 5.501722e-02 6.529929e-02
8.400000e+01 8.425642e-01 5.498721e-02 6.526175e-02
8.410000e+01 8.425882e-01 5.495719e-02 6.522426e-02
8.420000e+01 8.426126e-01 5.492717e-02 6.518674e-02
8.430000e+01 8.426372e-01 5.489713e-02 6.514919e-02
8.440000e+01 8.426621e-01 5.486709e-02 6.511162e-02
8.450000e+01 8.426873e-01 5.483704e-02 6.507401e-02
8.460000e+01 8.427127e-01 5.480698e-02 6.503637e-02
8.470000e+01 8.427378e-01 5.477691e-02 6.499876e-02
8.480000e+01 8.427628e-01 5.474684e-02 6.496115e-02
8.490000e+01 8.427880e-01 5.471676e-02 6.492351e-02
8.500000e+01 8.428136e-01 5.468667e-02 6.488584e-02
8.510000e+01 8.428394e-01 5.465657e-02 6.484814e-02
8.520000e+01 8.428655e-01 5.462647e-02 6.481042e-02
8.530000e+01 8.428914e-01 5.459636e-02 6.477271e-02
8.540000e+01 8.429156e-01 5.456624e-02 6.473511e-02
8.550000e+01 8.429401e-01 5.453612e-02 6.469750e-02
8.560000e+01 8.429649e-01 5.450599e-02 6.465985e-02
8.570000e+01 8.429900e-01 5.447585e-02 6.462218e-02
8.580000e+01 8.430154e-01 5.444571e-02 6.458448e-02
8.590000e+01 8.430410e-01 5.441556e-02 6.454675e-02
8.600000e+01 8.430662e-01 5.438540e-02 6.450906e-02
8.610000e+01 8.430913e-01 5.435524e-02 6.447136e-02
8.620000e+01 8.431168e-01 5.432508e-02 6.443364e-02
8.630000e+01 8.431425e-01 5.429491e-02 6.439589e-02
8.640000e+01 8.431684e-01 5.426473e-02 6.435812e-02
8.650000e+01 8.431947e-01 5.423455e-02 6.432032e-02
8.660000e+01 8.432211e-01 5.420436e-02 6.428250e-02
8.670000e+01 8.432469e-01 5.417417e-02 6.424473e-02
8.680000e+01 8.432730e-01 5.414398e-02 6.420694e-02
8.690000e+01 8.432993e-01 5.411378e-02 6.416912e-02
8.700000e+01 8.433259e-01 5.408357e-02 6.413128e-02
8.710000e+01 8.433527e-01 5.405336e-02 6.409342e-02
8.720000e+01 8.433799e-01 5.402315e-02 6.405553e-02
8.730000e+01 8.434069e-01 5.399293e-02 6.401765e-02
8.740000e+01 8.434334e-01 5.396271e-02 6.397981e-02
8.750000e+01 8.434590e-01 5.393248e-02 6.394203e-02
8.760000e+01 8.434849e-01 5.390225e-02 6.390423e-02
8.770000e+01 8.435110e-01 5.387202e-02 6.386641e-02
8.780000e+01 8.435374e-01 5.384179e-02 6.382857e-02
8.790000e+01 8.435641e-01 5.381155e-02 6.379071e-02
8.800000e+01 8.435904e-01 5.378131e-02 6.375287e-02
8.810000e+01 8.436166e-01 5.375106e-02 6.371504e-02
8.820000e+01 8.436430e-01 5.372082e-02 6.367719e-02
8.830000e+01 8.436698e-01 5.369057e-02 6.363931e-02
8.840000e+01 8.436967e-01 5.366031e-02 6.360142e-02
8.850000e+01 8.437240e-01 5.363006e-02 6.356351e-02
8.860000e+01 8.437515e-01 5.359980e-02 6.352558e-02
8.870000e+01 8.437785e-01 5.356954e-02 6.348768e-02
8.880000e+01 8.438056e-01 5.353928e-02 6.344979e-02
8.890000e+01 8.438329e-01 5.350902e-02 6.341187e-02
8.900000e+01 8.438605e-01 5.347876e-02 6.337394e-02
8.910000e+01 8.438883e-01 5.344849e-02 6.333598e-02
8.920000e+01 8.439164e-01 5.341823e-02 6.329801e-02
8.930000e+01 8.439447e-01 5.338796e-02 6.326002e-02
8.940000e+01 8.439725e-01 5.335769e-02 6.322207e-02
8.950000e+01 8.440004e-01 5.332742e-02 6.318412e-02
8.960000e+01 8.440272e-01 5.329715e-02 6.314625e-02
8.970000e+01 8.440543e-01 5.326688e-02 6.310836e-02
8.980000e+01 8.440817e-01 5.323661e-02 6.307045e-02
8.990000e+01 8.441093e-01 5.320634e-02 6.303253e-02
9.000000e+01 8.441372e-01 5.317607e-02 6.299459e-02
9.010000e+01 8.441645e-01 5.314580e-02 6.295668e-02
9.020000e+01 8.441920e-01 5.311553e-02 6.291878e-02
9.030000e+01 8.442196e-01 5.308526e-02 6.288086e-02
9.040000e+01 8.442476e-01 5.305499e-02 6.284293e-02
9.050000e+01 8.442758e-01 5.302472e-02 6.280498e-02
9.060000e+01 8.443042e-01 5.299445e-02 6.276701e-02
9.070000e+01 8.443329e-01 5.296418e-02 6.272903e-02
9.080000e+01 8.443612e-01 5.293392e-02 6.269108e-02
9.090000e+01 8.443895e-01 5.290365e-02 6.265314e-02
9.100000e+01 8.444180e-01 5.287339e-02 6.261518e-02
9.110000e+01 8.444468e-01 5.284313e-02 6.257721e-02
9.120000e+01 8.444758e-01 5.281287e-02 6.253923e-02
9.130000e+01 8.445050e-01 5.278261e-02 6.250123e-02
9.140000e+01 8.445345e-01 5.275235e-02 6.246322e-02
9.150000e+01 8.445639e-01 5.272209e-02 6.242523e-02
9.160000e+01 8.445929e-01 5.269184e-02 6.238726e-02
9.170000e+01 8.446209e-01 5.266159e-02 6.234938e-02
9.180000e+01 8.446492e-01 5.263134e-02 6.231148e-02
9.190000e+01 8.446777e-01 5.260109e-02 6.227356e-02
9.200000e+01 8.447065e-01 5.257085e-02 6.223564e-02
9.210000e+01 8.447355e-01 5.254061e-02 6.219770e-02
9.220000e+01 8.447648e-01 5.251037e-02 6.215975e-02
9.230000e+01 8.447934e-01 5.248013e-02 6.212186e-02
9.240000e+01 8.448222e-01 5.244990e-02 6.208395e-02
9.250000e+01 8.448513e-01 5.241967e-02 6.204603e-02
9.260000e+01 8.448807e-01 5.238945e-02 6.200810e-02
9.270000e+01 8.449102e-01 5.235923e-02 6.197016e-02
9.280000e+01 8.449401e-01 5.232901e-02 6.193221e-02
9.290000e+01 8.449701e-01 5.229879e-02 6.189425e-02
9.300000e+01 8.449999e-01 5.226858e-02 6.185632e-02
9.310000e+01 8.450296e-01 5.223838e-02 6.181840e-02
9.320000e+01 8.450595e-01 5.220818e-02 6.178048e-02
9.330000e+01 8.450896e-01 5.217798e-02 6.174254e-02
9.340000e+01 8.451200e-01 5.214779e-02 6.170460e-02
9.350000e+01 8.451506e-01 5.211760e-02 6.166664e-02
9.360000e+01 8.451814e-01 5.208741e-02 6.162868e-02
9.370000e+01 8.452123e-01 5.205724e-02 6.159073e-02
9.380000e+01 8.452415e-01 5.202706e-02 6.155290e-02
9.390000e+01 8.452709e-01 5.199690e-02 6.151506e-02
9.400000e+01 8.453006e-01 5.196673e-02 6.147722e-02
9.410000e+01 8.453305e-01 5.193658e-02 6.143937e-02
9.420000e+01 8.453607e-01 5.190642e-02 6.140151e-02
9.430000e+01 8.453911e-01 5.187628e-02 6.136365e-02
9.440000e+01 8.454217e-01 5.184614e-02 6.132577e-02
9.450000e+01 8.454523e-01 5.181600e-02 6.128791e-02
9.460000e+01 8.454825e-01 5.178588e-02 6.125008e-02
9.470000e+01 8.455130e-01 5.175575e-02 6.121225e-02
9.480000e+01 8.455437e-01 5.172564e-02 6.117441e-02
9.490000e+01 8.455747e-01 5.169553e-02 6.113656e-02
9.500000e+01 8.456059e-01 5.166543e-02 6.109871e-02
9.510000e+01 8.456373e-01 5.163533e-02 6.106085e-02
9.520000e+01 8.456689e-01 5.160524e-02 6.102299e-02
9.530000e+01 8.457004e-01 5.157516e-02 6.098514e-02
9.540000e+01 8.457317e-01 5.154509e-02 6.094733e-02
9.550000e+01 8.457632e-01 5.151502e-02 6.090951e-02
9.560000e+01 8.457949e-01 5.148496e-02 6.087168e-02
9.570000e+01 8.458269e-01 5.145491e-02 6.083385e-02
9.580000e+01 8.458586e-01 5.142486e-02 6.079605e-02
9.590000e+01 8.458898e-01 5.139483e-02 6.075830e-02
9.600000e+01 8.459213e-01 5.136480e-02 6.072054e-02
9.610000e+01 8.459525e-01 5.133477e-02 6.068281e-02
9.620000e+01 8.459836e-01 5.130476e-02 6.064510e-02
9.630000e+01 8.460149e-01 5.127476e-02 6.060739e-02
9.640000e+01 8.460465e-01 5.124476e-02 6.056967e-02
9.650000e+01 8.460783e-01 5.121477e-02 6.053195e-02
9.660000e+01 8.461103e-01 5.118479e-02 6.049423e-02
9.670000e+01 8.461425e-01 5.115482e-02 6.045650e-02
9.680000e+01 8.461750e-01 5.112485e-02 6.041877e-02
9.690000e+01 8.462073e-01 5.109490e-02 6.038107e-02
9.700000e+01 8.462394e-01 5.106495e-02 6.034339e-02
9.710000e+01 8.462717e-01 5.103502e-02 6.030571e-02
9.720000e+01 8.463043e-01 5.100509e-02 6.026803e-02
9.730000e+01 8.463371e-01 5.097517e-02 6.023034e-02
9.740000e+01 8.463701e-01 5.094526e-02 6.019266e-02
9.750000e+01 8.464033e-01 5.091536e-02 6.015497e-02
9.760000e+01 8.464368e-01 5.088547e-02 6.011728e-02
9.770000e+01 8.464702e-01 5.085559e-02 6.007960e-02
9.780000e+01 8.465034e-01 5.082572e-02 6.004196e-02
9.790000e+01 8.465358e-01 5.079586e-02 6.000439e-02
9.800000e+01 8.465682e-01 5.076601e-02 5.996683e-02
9.810000e+01 8.466008e-01 5.073617e-02 5.992928e-02
9.820000e+01 8.466336e-01 5.070634e-02 5.989172e-02
9.830000e+01 8.466666e-01 5.067652e-02 5.985417e-02
9.840000e+01 8.466999e-01 5.064671e-02 5.981661e-02
9.850000e+01 8.467333e-01 5.061692e-02 5.977905e-02
9.860000e+01 8.467663e-01 5.058713e-02 5.974155e-02
9.870000e+01 8.467995e-01 5.055735e-02 5.970404e-02
9.880000e+01 8.468328e-01 5.052759e-02 5.966654e-02
9.890000e+01 8.468664e-01 5.049783e-02 5.962904e-02
9.900000e+01 8.469002e-01 5.046809e-02 5.959154e-02
9.910000e+01 8.469342e-01 5.043835e-02 5.955404e-02
9.920000e+01 8.469684e-01 5.040863e-02 5.951654e-02
9.930000e+01 8.470029e-01 5.037892e-02 5.947904e-02
9.940000e+01 8.470373e-01 5.034922e-02 5.944157e-02
9.950000e+01 8.470714e-01 5.031954e-02 5.940413e-02
9.960000e+01 8.471057e-01 5.028986e-02 5.936669e-02
9.970000e+01 8.471403e-01 5.026020e-02 5.932925e-02
9.980000e+01 8.471751e-01 5.023055e-02 5.929181e-02
9.990000e+01 8.472100e-01 5.020091e-02 5.925439e-02
1.000000e+02 8.472440e-01 5.017128e-02 5.921704e-02
